WARNING: 2 open meshes merged
     Merged: SportWingRecon
     Merged: HorizTailEst
...Mass Properties...
22 Num Comps
6 Total Num Meshes
8896 Total Num Tris

8.765000000000002e-01             Total Mass
1.274405226585696e+01 0.000000000000000e+00 -1.215014979944392e-01       Center of Gravity
3.189366973428757e+00 1.073061145509516e+01 1.258557457032659e+01       Ixx, Iyy, Izz
0.000000000000000e+00 1.814887933272729e+00 0.000000000000000e+00       Ixy, Ixz, Iyz
8.312725339729564e+02             Volume

Name	Mass	cgX	cgY	cgZ	Ixx	Iyy	Izz	Ixy	Ixz	Iyz	Volume
ForwardFuselage_APPROX	0.000000000000000e+00	0.000000000000000e+00	0.000000000000000e+00	0.000000000000000e+00	0.000000000000000e+00	0.000000000000000e+00	0.000000000000000e+00	0.000000000000000e+00	0.000000000000000e+00	0.000000000000000e+00	5.796170919743470e+02
TailBoom_APPROX	0.000000000000000e+00	0.000000000000000e+00	0.000000000000000e+00	0.000000000000000e+00	0.000000000000000e+00	0.000000000000000e+00	0.000000000000000e+00	0.000000000000000e+00	0.000000000000000e+00	0.000000000000000e+00	8.056367516655702e+01
PusherMotorPod_APPROX	0.000000000000000e+00	0.000000000000000e+00	0.000000000000000e+00	0.000000000000000e+00	0.000000000000000e+00	0.000000000000000e+00	0.000000000000000e+00	0.000000000000000e+00	0.000000000000000e+00	0.000000000000000e+00	1.019797949566078e+01
SportWingRecon	0.000000000000000e+00	0.000000000000000e+00	0.000000000000000e+00	0.000000000000000e+00	0.000000000000000e+00	0.000000000000000e+00	0.000000000000000e+00	0.000000000000000e+00	0.000000000000000e+00	0.000000000000000e+00	1.343948620720366e+02
HorizTailEst	0.000000000000000e+00	0.000000000000000e+00	0.000000000000000e+00	0.000000000000000e+00	0.000000000000000e+00	0.000000000000000e+00	0.000000000000000e+00	0.000000000000000e+00	0.000000000000000e+00	0.000000000000000e+00	1.886144024398545e+01
VertTailEst	0.000000000000000e+00	0.000000000000000e+00	0.000000000000000e+00	0.000000000000000e+00	0.000000000000000e+00	0.000000000000000e+00	0.000000000000000e+00	0.000000000000000e+00	0.000000000000000e+00	0.000000000000000e+00	7.637485020369667e+00
MASS_Airframe_Structure_pm	3.340000000000001e-01	1.404330708661417e+01	0.000000000000000e+00	0.000000000000000e+00	0.000000000000000e+00	0.000000000000000e+00	0.000000000000000e+00	-0.000000000000000e+00	-0.000000000000000e+00	-0.000000000000000e+00	0.000000000000000e+00
MASS_Motor_pm	5.800000000000001e-02	1.916141732283464e+01	0.000000000000000e+00	1.968503937007874e+00	0.000000000000000e+00	0.000000000000000e+00	0.000000000000000e+00	-0.000000000000000e+00	-0.000000000000000e+00	-0.000000000000000e+00	0.000000000000000e+00
MASS_ESC_pm	2.500000000000000e-02	1.522440944881890e+01	0.000000000000000e+00	-3.937007874015748e-01	0.000000000000000e+00	0.000000000000000e+00	0.000000000000000e+00	-0.000000000000000e+00	-0.000000000000000e+00	-0.000000000000000e+00	0.000000000000000e+00
MASS_Aileron_Servo_L_pm	9.000000000000003e-03	1.620866141732284e+01	-1.181102362204724e+01	9.842519685039370e-01	0.000000000000000e+00	0.000000000000000e+00	0.000000000000000e+00	-0.000000000000000e+00	-0.000000000000000e+00	-0.000000000000000e+00	0.000000000000000e+00
MASS_Aileron_Servo_R_pm	9.000000000000003e-03	1.620866141732284e+01	1.181102362204724e+01	9.842519685039370e-01	0.000000000000000e+00	0.000000000000000e+00	0.000000000000000e+00	-0.000000000000000e+00	-0.000000000000000e+00	-0.000000000000000e+00	0.000000000000000e+00
MASS_Elevator_Servo_pm	9.000000000000003e-03	1.738976377952756e+01	-7.874015748031497e-01	0.000000000000000e+00	0.000000000000000e+00	0.000000000000000e+00	0.000000000000000e+00	-0.000000000000000e+00	-0.000000000000000e+00	-0.000000000000000e+00	0.000000000000000e+00
MASS_Rudder_Servo_pm	9.000000000000003e-03	1.738976377952756e+01	7.874015748031497e-01	0.000000000000000e+00	0.000000000000000e+00	0.000000000000000e+00	0.000000000000000e+00	-0.000000000000000e+00	-0.000000000000000e+00	-0.000000000000000e+00	0.000000000000000e+00
MASS_Prop_and_Adapter_pm	1.800000000000000e-02	1.994881889763780e+01	0.000000000000000e+00	1.968503937007874e+00	0.000000000000000e+00	0.000000000000000e+00	0.000000000000000e+00	-0.000000000000000e+00	-0.000000000000000e+00	-0.000000000000000e+00	0.000000000000000e+00
MASS_Receiver_pm	2.000000000000000e-03	9.712598425196850e+00	0.000000000000000e+00	-3.937007874015748e-01	0.000000000000000e+00	0.000000000000000e+00	0.000000000000000e+00	-0.000000000000000e+00	-0.000000000000000e+00	-0.000000000000000e+00	0.000000000000000e+00
MASS_Stock_Harness_pm	2.000000000000000e-02	1.364960629921260e+01	0.000000000000000e+00	0.000000000000000e+00	0.000000000000000e+00	0.000000000000000e+00	0.000000000000000e+00	-0.000000000000000e+00	-0.000000000000000e+00	-0.000000000000000e+00	0.000000000000000e+00
MASS_Custom_PCB_pm	2.500000000000000e-02	9.712598425196850e+00	0.000000000000000e+00	-3.937007874015748e-01	0.000000000000000e+00	0.000000000000000e+00	0.000000000000000e+00	-0.000000000000000e+00	-0.000000000000000e+00	-0.000000000000000e+00	0.000000000000000e+00
MASS_GPS_pm	1.600000000000000e-02	1.168110236220472e+01	0.000000000000000e+00	1.968503937007874e+00	0.000000000000000e+00	0.000000000000000e+00	0.000000000000000e+00	-0.000000000000000e+00	-0.000000000000000e+00	-0.000000000000000e+00	0.000000000000000e+00
MASS_SiK_Radio_pm	2.350000000000001e-02	1.522440944881890e+01	0.000000000000000e+00	-3.937007874015748e-01	0.000000000000000e+00	0.000000000000000e+00	0.000000000000000e+00	-0.000000000000000e+00	-0.000000000000000e+00	-0.000000000000000e+00	0.000000000000000e+00
MASS_Pitot_and_Line_pm	1.200000000000000e-02	6.574803149606296e-01	0.000000000000000e+00	9.842519685039370e-01	0.000000000000000e+00	0.000000000000000e+00	0.000000000000000e+00	-0.000000000000000e+00	-0.000000000000000e+00	-0.000000000000000e+00	0.000000000000000e+00
MASS_Custom_Harness_pm	1.500000000000000e-02	1.246850393700787e+01	0.000000000000000e+00	0.000000000000000e+00	0.000000000000000e+00	0.000000000000000e+00	0.000000000000000e+00	-0.000000000000000e+00	-0.000000000000000e+00	-0.000000000000000e+00	0.000000000000000e+00
MASS_Battery_4000mAh_3S_pm	2.920000000000000e-01	9.414566929133859e+00	0.000000000000000e+00	-9.842519685039370e-01	0.000000000000000e+00	0.000000000000000e+00	0.000000000000000e+00	-0.000000000000000e+00	-0.000000000000000e+00	-0.000000000000000e+00	0.000000000000000e+00
Name	Mass	cgX	cgY	cgZ	Ixx	Iyy	Izz	Ixy	Ixz	Iyz	Volume
Totals	8.765000000000002e-01	1.274405226585696e+01	0.000000000000000e+00	-1.215014979944392e-01	3.189366973428757e+00	1.073061145509516e+01	1.258557457032659e+01	0.000000000000000e+00	1.814887933272729e+00	0.000000000000000e+00	8.312725339729564e+02

...Filling Mass Properties (Volume Only -- No Shell or Point Mass)...
20 Num Slice

Slice	Mass	cgX	cgY	cgZ	Ixx	Iyy	Izz	Ixy	Ixz	Iyz	Volume
9.125000000000000e-01	0.000000000000000e+00	0.000000000000000e+00	0.000000000000000e+00	0.000000000000000e+00	0.000000000000000e+00	0.000000000000000e+00	0.000000000000000e+00	0.000000000000000e+00	0.000000000000000e+00	0.000000000000000e+00	1.805485600972122e+01
2.737500000000000e+00	0.000000000000000e+00	0.000000000000000e+00	0.000000000000000e+00	0.000000000000000e+00	0.000000000000000e+00	0.000000000000000e+00	0.000000000000000e+00	0.000000000000000e+00	0.000000000000000e+00	0.000000000000000e+00	7.196751423826268e+01
4.562500000000000e+00	0.000000000000000e+00	0.000000000000000e+00	0.000000000000000e+00	0.000000000000000e+00	0.000000000000000e+00	0.000000000000000e+00	0.000000000000000e+00	0.000000000000000e+00	0.000000000000000e+00	0.000000000000000e+00	1.425627732226650e+02
6.387499999999999e+00	0.000000000000000e+00	0.000000000000000e+00	0.000000000000000e+00	0.000000000000000e+00	0.000000000000000e+00	0.000000000000000e+00	0.000000000000000e+00	0.000000000000000e+00	0.000000000000000e+00	0.000000000000000e+00	2.211860389612931e+02
8.212500000000000e+00	0.000000000000000e+00	0.000000000000000e+00	0.000000000000000e+00	0.000000000000000e+00	0.000000000000000e+00	0.000000000000000e+00	0.000000000000000e+00	0.000000000000000e+00	0.000000000000000e+00	0.000000000000000e+00	3.028742773167821e+02
1.003750000000000e+01	0.000000000000000e+00	0.000000000000000e+00	0.000000000000000e+00	0.000000000000000e+00	0.000000000000000e+00	0.000000000000000e+00	0.000000000000000e+00	0.000000000000000e+00	0.000000000000000e+00	0.000000000000000e+00	3.853320597662272e+02
1.186250000000000e+01	0.000000000000000e+00	0.000000000000000e+00	0.000000000000000e+00	0.000000000000000e+00	0.000000000000000e+00	0.000000000000000e+00	0.000000000000000e+00	0.000000000000000e+00	0.000000000000000e+00	0.000000000000000e+00	5.074534932858820e+02
1.368750000000000e+01	0.000000000000000e+00	0.000000000000000e+00	0.000000000000000e+00	0.000000000000000e+00	0.000000000000000e+00	0.000000000000000e+00	0.000000000000000e+00	0.000000000000000e+00	0.000000000000000e+00	0.000000000000000e+00	6.254315538852882e+02
1.551250000000000e+01	0.000000000000000e+00	0.000000000000000e+00	0.000000000000000e+00	0.000000000000000e+00	0.000000000000000e+00	0.000000000000000e+00	0.000000000000000e+00	0.000000000000000e+00	0.000000000000000e+00	0.000000000000000e+00	6.851043350830179e+02
1.733750000000000e+01	0.000000000000000e+00	0.000000000000000e+00	0.000000000000000e+00	0.000000000000000e+00	0.000000000000000e+00	0.000000000000000e+00	0.000000000000000e+00	0.000000000000000e+00	0.000000000000000e+00	0.000000000000000e+00	7.072208396520035e+02
1.916250000000000e+01	0.000000000000000e+00	0.000000000000000e+00	0.000000000000000e+00	0.000000000000000e+00	0.000000000000000e+00	0.000000000000000e+00	0.000000000000000e+00	0.000000000000000e+00	0.000000000000000e+00	0.000000000000000e+00	7.277700355743714e+02
2.098750000000000e+01	0.000000000000000e+00	0.000000000000000e+00	0.000000000000000e+00	0.000000000000000e+00	0.000000000000000e+00	0.000000000000000e+00	0.000000000000000e+00	0.000000000000000e+00	0.000000000000000e+00	0.000000000000000e+00	7.392189837957902e+02
2.281250000000000e+01	0.000000000000000e+00	0.000000000000000e+00	0.000000000000000e+00	0.000000000000000e+00	0.000000000000000e+00	0.000000000000000e+00	0.000000000000000e+00	0.000000000000000e+00	0.000000000000000e+00	0.000000000000000e+00	7.519252460871237e+02
2.463750000000000e+01	0.000000000000000e+00	0.000000000000000e+00	0.000000000000000e+00	0.000000000000000e+00	0.000000000000000e+00	0.000000000000000e+00	0.000000000000000e+00	0.000000000000000e+00	0.000000000000000e+00	0.000000000000000e+00	7.650586123722816e+02
2.646250000000000e+01	0.000000000000000e+00	0.000000000000000e+00	0.000000000000000e+00	0.000000000000000e+00	0.000000000000000e+00	0.000000000000000e+00	0.000000000000000e+00	0.000000000000000e+00	0.000000000000000e+00	0.000000000000000e+00	7.782688509443930e+02
2.828750000000000e+01	0.000000000000000e+00	0.000000000000000e+00	0.000000000000000e+00	0.000000000000000e+00	0.000000000000000e+00	0.000000000000000e+00	0.000000000000000e+00	0.000000000000000e+00	0.000000000000000e+00	0.000000000000000e+00	7.894113061801127e+02
3.011250000000000e+01	0.000000000000000e+00	0.000000000000000e+00	0.000000000000000e+00	0.000000000000000e+00	0.000000000000000e+00	0.000000000000000e+00	0.000000000000000e+00	0.000000000000000e+00	0.000000000000000e+00	0.000000000000000e+00	8.027078491077419e+02
3.193750000000000e+01	0.000000000000000e+00	0.000000000000000e+00	0.000000000000000e+00	0.000000000000000e+00	0.000000000000000e+00	0.000000000000000e+00	0.000000000000000e+00	0.000000000000000e+00	0.000000000000000e+00	0.000000000000000e+00	8.213089233138151e+02
3.376250000000000e+01	0.000000000000000e+00	0.000000000000000e+00	0.000000000000000e+00	0.000000000000000e+00	0.000000000000000e+00	0.000000000000000e+00	0.000000000000000e+00	0.000000000000000e+00	0.000000000000000e+00	0.000000000000000e+00	8.308952053732439e+02
3.558750000000000e+01	0.000000000000000e+00	0.000000000000000e+00	0.000000000000000e+00	0.000000000000000e+00	0.000000000000000e+00	0.000000000000000e+00	0.000000000000000e+00	0.000000000000000e+00	0.000000000000000e+00	0.000000000000000e+00	8.312725339729558e+02
