      Beta             Mach             AoA             Re/1e6             CL              CDo              CDi             CDtot             CDt            CDtot_t             CS              L/D               E               CFx              CFy              CFz              CMx              CMy              CMz              CMl              CMm              CMn              FOpt 
-25.000000000000   0.600000000000 -25.000000000000  10.000000000000  -1.676428378145   0.043147778194   0.199466509343   0.242614287537   0.208801624740   0.251949402934   0.735576474781  -6.909850178920   0.512119551023  -0.790949509853   0.769191915527  -1.480908241509  -0.078908360385   6.332825844973   0.482304927603   0.078908360385   6.332825844973  -0.482304927603   0.000000000000
-25.000000000000   0.600000000000 -19.444444000000  10.000000000000  -1.300308363466   0.036427272684   0.153558033130   0.189985305814   0.150557151322   0.186984424006   0.809487554150  -6.844257548733   0.393450789190  -0.593090820876   0.813936133535  -1.169580097970  -0.093989109587   4.889510629184   0.509725162327   0.093989109587   4.889510629184  -0.509725162327   0.000000000000
-25.000000000000   0.600000000000 -13.888889000000  10.000000000000  -0.897719220405   0.030534128803   0.120708085183   0.151242213986   0.114293575292   0.144827704095   0.876030666979  -5.935639242168   0.235573124544  -0.441826169014   0.857871136743  -0.815506275011  -0.108503981245   3.252915371925   0.538376268760   0.108503981245   3.252915371925  -0.538376268760   0.000000000000
-25.000000000000   0.600000000000  -8.333333000000  10.000000000000  -0.477634336799   0.025894975467   0.102400371938   0.128295347405   0.101503511269   0.127398486736   0.928582091454  -3.722927966299   0.078613638056  -0.342469302728   0.895801137097  -0.432566822455  -0.121932595939   1.488631198658   0.564827381650   0.121932595939   1.488631198658  -0.564827381650   0.000000000000
-25.000000000000   0.600000000000  -2.777778000000  10.000000000000  -0.046689860180   0.023015818168   0.100287905135   0.123303723304   0.109916283215   0.132932101384   0.969061453400  -0.378657342444   0.000781603827  -0.299704741186   0.930378346542  -0.032203293092  -0.134431867034  -0.353163345837   0.590799309312   0.134431867034  -0.353163345837  -0.590799309312   0.000000000000
-25.000000000000   0.600000000000   2.777778000000  10.000000000000   0.390338495220   0.022084164413   0.115041083965   0.137125248378   0.138078958010   0.160163122423   0.996280569955   2.846583687815   0.049122794060  -0.315336714889   0.960888472734   0.375497733514  -0.145990028515  -2.226236782365   0.615713680398   0.145990028515  -2.226236782365  -0.615713680398   0.000000000000
-25.000000000000   0.600000000000   8.333333000000  10.000000000000   0.825544534523   0.023163413035   0.146855928761   0.170019341797   0.184735549068   0.207898962103   1.010720394845   4.855591874427   0.177214969256  -0.389823686701   0.987877043057   0.777253184432  -0.156608115040  -4.071343077503   0.639924971701   0.156608115040  -4.071343077503  -0.639924971701   0.000000000000
-25.000000000000   0.600000000000  13.888889000000  10.000000000000   1.248906806023   0.026022973664   0.194586772367   0.220609746030   0.250712988736   0.276735962400   1.010781844992   5.661158804157   0.312574173314  -0.520378222101   1.009313164502   1.157847248244  -0.166017137053  -5.817819945358   0.661851603578   0.166017137053  -5.817819945358  -0.661851603578   0.000000000000
-25.000000000000   0.600000000000  19.444444000000  10.000000000000   1.657345807700   0.030374979204   0.257219873664   0.287594852868   0.333927841924   0.364302821128   0.998952099415   5.762779796556   0.422243410017  -0.704031561951   1.026900903381   1.509047818008  -0.173798146150  -7.430578820169   0.682732999927   0.173798146150  -7.430578820169  -0.682732999927   0.000000000000
-25.000000000000   0.600000000000  25.000000000000  10.000000000000   2.040826832128   0.035638542357   0.332159274987   0.367797817344   0.435172866750   0.470811409107   0.975070799652   5.548773635652   0.500634626977  -0.933857623567   1.039152332874   1.816338301501  -0.180486599943  -8.842330228669   0.701311170920   0.180486599943  -8.842330228669  -0.701311170920   0.000000000000
-19.444444000000   0.600000000000 -25.000000000000  10.000000000000  -1.832050047438   0.040275589562   0.197781166173   0.238056755735   0.208882246581   0.249157836144   0.572960491605  -7.695854048678   0.623321170310  -0.743674662497   0.619528881228  -1.674662378479  -0.062301862976   7.396474105701   0.389162930892   0.062301862976   7.396474105701  -0.389162930892   0.000000000000
-19.444444000000   0.600000000000 -19.444444000000  10.000000000000  -1.437147837809   0.032746468419   0.140843883811   0.173590352230   0.138788951647   0.171535420065   0.633230482558  -8.278961470783   0.526011244946  -0.522837388200   0.654900962196  -1.339497725777  -0.074551916790   5.846820498286   0.410337946864   0.074551916790   5.846820498286  -0.410337946864   0.000000000000
-19.444444000000   0.600000000000 -13.888889000000  10.000000000000  -1.014292592222   0.026269284853   0.098091198214   0.124360483067   0.091913697371   0.118182982225   0.688612797508  -8.156068287984   0.365731046117  -0.352163636240   0.690736267951  -0.957761326597  -0.086522193211   4.087245131597   0.433353746481   0.086522193211   4.087245131597  -0.433353746481   0.000000000000
-19.444444000000   0.600000000000  -8.333333000000  10.000000000000  -0.573847591660   0.021383083667   0.071418413143   0.092801496811   0.067830665950   0.089213749618   0.732727354282  -6.183602758370   0.156875768660  -0.237928389358   0.721828982928  -0.545119760163  -0.097311925837   2.190629865719   0.454730058181   0.097311925837   2.190629865719  -0.454730058181   0.000000000000
-19.444444000000   0.600000000000  -2.777778000000  10.000000000000  -0.121440497118   0.018559940968   0.062471104799   0.081031045768   0.065477082366   0.084037023334   0.767121560835  -1.498690976625   0.008046246812  -0.184634757776   0.750343209196  -0.112624990349  -0.107614186627   0.205986243199   0.475913271161   0.107614186627   0.205986243199  -0.475913271161   0.000000000000
-19.444444000000   0.600000000000   2.777778000000  10.000000000000   0.336382462377   0.018013082073   0.071908163329   0.089921245402   0.083640693412   0.101653775485   0.790345713586   3.740856355731   0.055631670200  -0.194400129462   0.775202248283   0.327345997801  -0.117087991634  -1.810119488709   0.496067486392   0.117087991634  -1.810119488709  -0.496067486392   0.000000000000
-19.444444000000   0.600000000000   8.333333000000  10.000000000000   0.791122633840   0.019786559681   0.099862617433   0.119649177113   0.121272136564   0.141058696244   0.803070937649   6.612019011966   0.231257392561  -0.267538969071   0.797097896594   0.760376039554  -0.125671874574  -3.793154018541   0.515634126187   0.125671874574  -3.793154018541  -0.515634126187   0.000000000000
-19.444444000000   0.600000000000  13.888889000000  10.000000000000   1.234982318617   0.023657881722   0.145507160041   0.169165041763   0.179505072308   0.203162954030   0.804737473396   7.300458213752   0.398592002425  -0.401650910458   0.815152850098   1.172860996386  -0.133183710039  -5.680484223060   0.533871862229   0.133183710039  -5.680484223060  -0.533871862229   0.000000000000
-19.444444000000   0.600000000000  19.444444000000  10.000000000000   1.660482124140   0.029219267394   0.207215096063   0.236434363457   0.257595944933   0.286815212328   0.796241203852   7.023015182139   0.515555629099  -0.592473998346   0.829534632737   1.551756747012  -0.139450598374  -7.413764726271   0.550879844367   0.139450598374  -7.413764726271  -0.550879844367   0.000000000000
-19.444444000000   0.600000000000  25.000000000000  10.000000000000   2.059436266494   0.035851738473   0.282437024968   0.318288763441   0.354830028255   0.390681766728   0.778419389085   6.470339210944   0.589105567228  -0.833192265570   0.839978021108   1.883812567809  -0.144710940692  -8.932490841421   0.566374793499   0.144710940692  -8.932490841421  -0.566374793499   0.000000000000
-13.888889000000   0.600000000000 -25.000000000000  10.000000000000  -1.958519008624   0.037832613957   0.198642970193   0.236475584150   0.212663674521   0.250496288478   0.409837539080  -8.282119338719   0.717112010433  -0.708812418588   0.454618689427  -1.830461969001  -0.044257931467   8.249368985718   0.285805784377   0.044257931467   8.249368985718  -0.285805784377   0.000000000000
-13.888889000000   0.600000000000 -19.444444000000  10.000000000000  -1.547690421096   0.029628052983   0.132717385935   0.162345438917   0.134641617255   0.164269670237   0.454659468716  -9.533316312529   0.652297657533  -0.469516307428   0.480335977780  -1.475550303816  -0.053328950836   6.611410277791   0.300962575746   0.053328950836   6.611410277791  -0.300962575746   0.000000000000
-13.888889000000   0.600000000000 -13.888889000000  10.000000000000  -1.107049582998   0.022588377039   0.081498020770   0.104086397809   0.079283366976   0.101871744015   0.494215221386 -10.635871797867   0.520544530654  -0.282809821432   0.504750752676  -1.070460987169  -0.062729103546   4.746786291712   0.316533160767   0.062729103546   4.746786291712  -0.316533160767   0.000000000000
-13.888889000000   0.600000000000  -8.333333000000  10.000000000000  -0.649390518309   0.017540694302   0.048066344724   0.065607039026   0.045175261260   0.062715955563   0.529273752471  -9.898183608774   0.284170616894  -0.156806289061   0.529547701888  -0.633351445115  -0.071003713764   2.740641835951   0.333396042211   0.071003713764   2.740641835951  -0.333396042211   0.000000000000
-13.888889000000   0.600000000000  -2.777778000000  10.000000000000  -0.179883248922   0.014787171734   0.033457674843   0.048244846577   0.033721041683   0.048508213417   0.555343677179  -3.728548470640   0.029651607134  -0.095086235959   0.550687804405  -0.175481332504  -0.078610077160   0.643455778208   0.348989879497   0.078610077160   0.643455778208  -0.348989879497   0.000000000000
-13.888889000000   0.600000000000   2.777778000000  10.000000000000   0.293865142544   0.014590431350   0.038504504440   0.053094935791   0.043325813413   0.057916244763   0.573236054102   5.534711327324   0.071905278047  -0.100197150851   0.569221277196   0.289349332953  -0.085578788193  -1.482866016570   0.363923077336   0.085578788193  -1.482866016570  -0.363923077336   0.000000000000
-13.888889000000   0.600000000000   8.333333000000  10.000000000000   0.764584060178   0.016964460953   0.063293728685   0.080258189638   0.073804796601   0.090769257554   0.583166910494   9.526555029827   0.322017030971  -0.172228790613   0.585382047464   0.747515156882  -0.091871929908  -3.576569203513   0.378295426490   0.091871929908  -3.576569203513  -0.378295426490   0.000000000000
-13.888889000000   0.600000000000  13.888889000000  10.000000000000   1.222859387833   0.021663423604   0.106929077900   0.128592501505   0.126062593956   0.147726017560   0.585042756342   9.509569947891   0.514108897877  -0.308679491229   0.598805207524   1.183361920860  -0.097329291805  -5.566477786776   0.391816579885   0.097329291805  -5.566477786776  -0.391816579885   0.000000000000
-13.888889000000   0.600000000000  19.444444000000  10.000000000000   1.661546015236   0.028230920578   0.167685692290   0.195916612868   0.199715794702   0.227946715280   0.579301657731   8.480883733714   0.622975839312  -0.504899748559   0.609392426899   1.583801125311  -0.101933022915  -7.393564933445   0.404309172405   0.101933022915  -7.393564933445  -0.404309172405   0.000000000000
-13.888889000000   0.600000000000  25.000000000000  10.000000000000   2.074181462994   0.036042992344   0.243205387230   0.279248379574   0.292838512462   0.328881504806   0.567170258959   7.427729629652   0.681115175839  -0.754289268908   0.617618653282   1.936875163633  -0.106209838839  -9.004126303512   0.416087151878   0.106209838839  -9.004126303512  -0.416087151878   0.000000000000
 -8.333333000000   0.600000000000 -25.000000000000  10.000000000000  -2.041722798185   0.035839321268   0.199557633755   0.235396955022   0.222015143845   0.257854465113   0.246207687376  -8.673531048826   0.782907470124  -0.684119875020   0.277724654848  -1.933781515342  -0.026859218059   8.816649870045   0.174799207575   0.026859218059   8.816649870045  -0.174799207575   0.000000000000
 -8.333333000000   0.600000000000 -19.444444000000  10.000000000000  -1.621907280326   0.027250049668   0.127678520365   0.154928570033   0.136565628276   0.163815677944   0.273940020530 -10.468742337071   0.750651324602  -0.432809570392   0.293501747840  -1.567214670179  -0.032540264497   7.127185631076   0.184016872962   0.032540264497   7.127185631076  -0.184016872962   0.000000000000
 -8.333333000000   0.600000000000 -13.888889000000  10.000000000000  -1.173514742677   0.019989952240   0.071110587672   0.091100539912   0.072823303663   0.092813255903   0.298333174838 -12.881534443275   0.668303707231  -0.236160781676   0.308386635715  -1.150462781219  -0.037776257898   5.212145196596   0.193345408744   0.037776257898   5.212145196596  -0.193345408744   0.000000000000
 -8.333333000000   0.600000000000  -8.333333000000  10.000000000000  -0.703983881056   0.014765177798   0.032528215518   0.047293393316   0.031646926716   0.046412104514   0.319546209385 -14.885459293361   0.463279065582  -0.101553145760   0.323026644440  -0.696620768667  -0.043081906433   3.131083453099   0.203287416936   0.043081906433   3.131083453099  -0.203287416936   0.000000000000
 -8.333333000000   0.600000000000  -2.777778000000  10.000000000000  -0.221658644951   0.012057842727   0.013789798166   0.025847640894   0.013539618550   0.025597461277   0.335945098534  -8.575585132276   0.084036151986  -0.033829360348   0.336144215555  -0.220278018372  -0.047799621414   0.951339352864   0.212889910416   0.047799621414   0.951339352864  -0.212889910416   0.000000000000
 -8.333333000000   0.600000000000   2.777778000000  10.000000000000   0.263791353634   0.012115923540   0.015675016904   0.027790940444   0.016993410851   0.029109334391   0.347352034079   9.491990893968   0.110696933566  -0.035601975316   0.347712358567   0.262374284668  -0.052110378465  -1.253852275922   0.222163192820   0.052110378465  -1.253852275922  -0.222163192820   0.000000000000
 -8.333333000000   0.600000000000   8.333333000000  10.000000000000   0.745464209006   0.014926553014   0.038161684404   0.053088237418   0.042283708013   0.057210261027   0.353686632820  14.041984538523   0.462778323895  -0.106787636291   0.357646458470   0.737776994474  -0.055856331106  -3.423535030711   0.230969196831   0.055856331106  -3.423535030711  -0.230969196831   0.000000000000
 -8.333333000000   0.600000000000  13.888889000000  10.000000000000   1.214799102418   0.020238221171   0.080429504017   0.100667725188   0.090285129883   0.110523351054   0.355290420785  12.067413862230   0.648091597807  -0.244894831917   0.366129096417   1.190830860908  -0.059297686657  -5.489493214806   0.239404341014   0.059297686657  -5.489493214806  -0.239404341014   0.000000000000
 -8.333333000000   0.600000000000  19.444444000000  10.000000000000   1.662932536635   0.027538967886   0.140525120556   0.168064088442   0.160652889733   0.188191857619   0.351966089470   9.894633363067   0.727431424609  -0.444874508444   0.372607744440   1.606462084171  -0.062101208754  -7.382557502538   0.247048321048   0.062101208754  -7.382557502538  -0.247048321048   0.000000000000
 -8.333333000000   0.600000000000  25.000000000000  10.000000000000   2.083098358836   0.036146182304   0.215899934564   0.252046116868   0.251769020859   0.287915203164   0.344823039836   8.264750850826   0.761127237646  -0.699629404735   0.377711784744   1.972202182869  -0.064710922440  -9.047023601263   0.254304343567   0.064710922440  -9.047023601263  -0.254304343567   0.000000000000
 -2.777778000000   0.600000000000 -25.000000000000  10.000000000000  -2.084103606413   0.034766048943   0.200288164882   0.235054213825   0.228400617560   0.263166666503   0.082101266592  -8.866480513159   0.816936480933  -0.671605127458   0.093396085423  -1.986379285956  -0.008926874542   9.105443284009   0.058830426170   0.008926874542   9.105443284009  -0.058830426170   0.000000000000
 -2.777778000000   0.600000000000 -19.444444000000  10.000000000000  -1.659005018583   0.025971189187   0.125223515220   0.151194704408   0.139184136150   0.165155325337   0.091537361846 -10.972639716988   0.804778824345  -0.414049985125   0.098757061756  -1.613178921108  -0.010789585023   7.386397279050   0.061917768554   0.010789585023   7.386397279050  -0.061917768554   0.000000000000
 -2.777778000000   0.600000000000 -13.888889000000  10.000000000000  -1.205509782452   0.018580985139   0.065846839213   0.084427824353   0.071291090491   0.089872075630   0.099868182687 -14.278584005843   0.760980627842  -0.212205555852   0.103842411900  -1.189344820723  -0.012730504009   5.439971941305   0.065125732461   0.012730504009   5.439971941305  -0.065125732461   0.000000000000
 -2.777778000000   0.600000000000  -8.333333000000  10.000000000000  -0.731011964707   0.013302267253   0.024772246921   0.038074514175   0.025958892740   0.039261159993   0.106793129000 -19.199508662186   0.620486477546  -0.073439479330   0.108512829631  -0.728055315383  -0.014449574303   3.326365514485   0.068270365451   0.014449574303   3.326365514485  -0.068270365451   0.000000000000
 -2.777778000000   0.600000000000  -2.777778000000  10.000000000000  -0.243497664974   0.010630700995   0.003895220033   0.014525921028   0.003885594454   0.014516295449   0.112359291813 -16.762975959211   0.180452807936  -0.002747472337   0.112931231331  -0.243650803553  -0.016039671917   1.110871164111   0.071493880603   0.016039671917   1.110871164111  -0.071493880603   0.000000000000
 -2.777778000000   0.600000000000   2.777778000000  10.000000000000   0.248213702001   0.010820758370   0.004109733921   0.014930492291   0.004239207793   0.015059966162   0.116358940036  16.624616065094   0.182429512466  -0.002766006368   0.116945786488   0.248371489143  -0.017452941371  -1.135922949157   0.074697435655   0.017452941371  -1.135922949157  -0.074697435655   0.000000000000
 -2.777778000000   0.600000000000   8.333333000000  10.000000000000   0.735522747301   0.013860728761   0.025401665029   0.039262393790   0.027134085485   0.040994814246   0.118495919983  18.733517656337   0.609162504817  -0.073480435875   0.120259437409   0.732608233420  -0.018690929459  -3.344553254408   0.077628725364   0.018690929459  -3.344553254408  -0.077628725364   0.000000000000
 -2.777778000000   0.600000000000  13.888889000000  10.000000000000   1.209846793240   0.019479927532   0.066882963263   0.086362890795   0.073316165402   0.092796092934   0.119010217383  14.008873279974   0.749292362257  -0.212270873635   0.123055732798   1.193796300335  -0.019897697192  -5.445830444422   0.080417657830   0.019897697192  -5.445830444422  -0.080417657830   0.000000000000
 -2.777778000000   0.600000000000  19.444444000000  10.000000000000   1.663274002196   0.027170747775   0.126693184266   0.153863932041   0.142000598454   0.169171346229   0.117958909084  10.810031825711   0.794892671659  -0.414164488721   0.125276921029   1.617665691525  -0.021007165366  -7.375278233795   0.083000795736   0.021007165366  -7.375278233795  -0.083000795736   0.000000000000
 -2.777778000000   0.600000000000  25.000000000000  10.000000000000   2.088158602477   0.036210543564   0.202094820933   0.238305364496   0.231753421378   0.267963964942   0.115791686374   8.762532924464   0.808929857931  -0.671855506874   0.127204477753   1.990736725236  -0.021832682231  -9.071638274134   0.085605193157   0.021832682231  -9.071638274134  -0.085605193157   0.000000000000
  2.777778000000   0.600000000000 -25.000000000000  10.000000000000  -2.083611980184   0.034754354770   0.200135525092   0.234889879862   0.228172645884   0.262927000654  -0.082320629795  -8.870590684482   0.817122383134  -0.671555754221  -0.093607226861  -1.985859859550   0.008803571261   9.102548628857  -0.058901802547  -0.008803571261   9.102548628857   0.058901802547   0.000000000000
  2.777778000000   0.600000000000 -19.444444000000  10.000000000000  -1.658717216048   0.025965226859   0.125167466691   0.151132693550   0.139128498242   0.165093725102  -0.091731340150 -10.975237568312   0.804829716235  -0.414021447593  -0.098947806944  -1.612883785359   0.010732788875   7.384674001070  -0.062015042443  -0.010732788875   7.384674001070   0.062015042443   0.000000000000
  2.777778000000   0.600000000000 -13.888889000000  10.000000000000  -1.205010423513   0.018573497610   0.065783748701   0.084357246311   0.071225374554   0.089798872164  -0.100038138086 -14.284610702833   0.760986467687  -0.212162119522  -0.104008747224  -1.188841162811   0.012668273163   5.437204258773  -0.065221505129  -0.012668273163   5.437204258773   0.065221505129   0.000000000000
  2.777778000000   0.600000000000  -8.333333000000  10.000000000000  -0.730536460528   0.013298250566   0.024739266182   0.038037516747   0.025923200104   0.039221450670  -0.106947716525 -19.205682257867   0.620282254750  -0.073414539990  -0.108665442533  -0.727578390161   0.014368515543   3.323821417328  -0.068367804745  -0.014368515543   3.323821417328   0.068367804745   0.000000000000
  2.777778000000   0.600000000000  -2.777778000000  10.000000000000  -0.243296583141   0.010629997876   0.003890898053   0.014520895929   0.003880653098   0.014510650973  -0.112370349837 -16.754929194852   0.180217237341  -0.002743275997  -0.112942032834  -0.243449688777   0.016056461629   1.109801705836  -0.071502292815  -0.016056461629   1.109801705836   0.071502292815   0.000000000000
  2.777778000000   0.600000000000   2.777778000000  10.000000000000   0.248038472237   0.010820018107   0.004105741553   0.014925759661   0.004235303168   0.015055321275  -0.116338909404  16.618147275183   0.182229789049  -0.002761266240  -0.116925550037   0.248196283231   0.017492513778  -1.134997670863  -0.074684746646  -0.017492513778  -1.134997670863   0.074684746646   0.000000000000
  2.777778000000   0.600000000000   8.333333000000  10.000000000000   0.735001388412   0.013854710925   0.025362523124   0.039217234049   0.027093603306   0.040948314230  -0.118295526583  18.741795698612   0.608999701947  -0.073439895788  -0.120057090921   0.732087249342   0.018830437841  -3.341839214530  -0.077484201182  -0.018830437841  -3.341839214530   0.077484201182   0.000000000000
  2.777778000000   0.600000000000  13.888889000000  10.000000000000   1.209323933151   0.019470406161   0.066815592892   0.086285999053   0.073247199054   0.092717605215  -0.118758713114  14.015297341601   0.749311995382  -0.212208090221  -0.122800797687   1.193273217413   0.019983739281  -5.443006358462  -0.080233885803  -0.019983739281  -5.443006358462   0.080233885803   0.000000000000
  2.777778000000   0.600000000000  19.444444000000  10.000000000000   1.662890741464   0.027161543180   0.126601338356   0.153762881536   0.141882701647   0.169044244827  -0.117580161098  10.814643461728   0.795048536818  -0.414114770981  -0.124893720921   1.617276800983   0.021189071350  -7.373083755483  -0.082705951512  -0.021189071350  -7.373083755483   0.082705951512   0.000000000000
  2.777778000000   0.600000000000  25.000000000000  10.000000000000   2.088234428803   0.036212350336   0.202086690332   0.238299040668   0.231740416694   0.267952767030  -0.115315741003   8.763083657208   0.809010076007  -0.671872372671  -0.126728785146   1.990812525679   0.021931352335  -9.071924906407  -0.085238351328  -0.021931352335  -9.071924906407   0.085238351328   0.000000000000
  8.333333000000   0.600000000000 -25.000000000000  10.000000000000  -2.040287470247   0.035808848265   0.199214454680   0.235023302945   0.221567045315   0.257375893580  -0.246735531195  -8.681213499592   0.783050048517  -0.683917681285  -0.278192771413  -1.932292090675   0.026573501793   8.808454454383  -0.175051068784  -0.026573501793   8.808454454383   0.175051068784   0.000000000000
  8.333333000000   0.600000000000 -19.444444000000  10.000000000000  -1.620339504964   0.027223969469   0.127410378676   0.154634348144   0.136228366330   0.163452335799  -0.274509695145 -10.478522556003   0.750626330144  -0.432640035921  -0.294022765501  -1.565611918193   0.032323714786   7.118438444789  -0.184329264579  -0.032323714786   7.118438444789   0.184329264579   0.000000000000
  8.333333000000   0.600000000000 -13.888889000000  10.000000000000  -1.172004195321   0.019967443515   0.070932667493   0.090900111008   0.072630580142   0.092598023657  -0.298568409972 -12.893319736609   0.668054110027  -0.236023801132  -0.308590338619  -1.148940611030   0.037808852597   5.204012294808  -0.193482553458  -0.037808852597   5.204012294808   0.193482553458   0.000000000000
  8.333333000000   0.600000000000  -8.333333000000  10.000000000000  -0.703370253908   0.014760389920   0.032498329880   0.047258719800   0.031609734626   0.046370124547  -0.319797129501 -14.883396268086   0.462811097230  -0.101534139179  -0.323269889954  -0.696003377540   0.043172806567   3.127401340729  -0.203463947684  -0.043172806567   3.127401340729   0.203463947684   0.000000000000
  8.333333000000   0.600000000000  -2.777778000000  10.000000000000  -0.221599279062   0.012054704307   0.013786099530   0.025840803837   0.013535022252   0.025589726558  -0.335787873811  -8.575556722711   0.084013366618  -0.033810480160  -0.335987659960  -0.220219498702   0.047968321470   0.950861533838  -0.212796598905  -0.047968321470   0.950861533838   0.212796598905   0.000000000000
  8.333333000000   0.600000000000   2.777778000000  10.000000000000   0.263866206296   0.012115792412   0.015682222910   0.027798015322   0.017000090705   0.029115883118  -0.347352689900   9.492267819787   0.110731575069  -0.035598705839  -0.347714032839   0.262449384018   0.052204030933  -1.253912438915  -0.222166230304  -0.052204030933  -1.253912438915   0.222166230304   0.000000000000
  8.333333000000   0.600000000000   8.333333000000  10.000000000000   0.744752557100   0.014919124717   0.038114401999   0.053033526716   0.042227545495   0.057146670212  -0.353682443202  14.043051692289   0.462371672340  -0.106737455954  -0.357634383765   0.737065098846   0.055938744712  -3.419769094498  -0.230960907206  -0.055938744712  -3.419769094498   0.230960907206   0.000000000000
  8.333333000000   0.600000000000  13.888889000000  10.000000000000   1.213713566123   0.020219249910   0.080291254344   0.100510504255   0.090143120511   0.110362370421  -0.355104636518  12.075489772162   0.647945804143  -0.244759133998  -0.365922487406   1.189746184893   0.059459298939  -5.483720874664  -0.239250518318  -0.059459298939  -5.483720874664   0.239250518318   0.000000000000
  8.333333000000   0.600000000000  19.444444000000  10.000000000000   1.661523187860   0.027506331740   0.140267780280   0.167774112020   0.160382180238   0.187888511977  -0.351452482986   9.903334715104   0.727454082476  -0.444605704681  -0.372057533978   1.605062386025   0.062606603303  -7.375136606694  -0.246607952151  -0.062606603303  -7.375136606694   0.246607952151   0.000000000000
  8.333333000000   0.600000000000  25.000000000000  10.000000000000   2.082048279442   0.036117327545   0.215629036325   0.251746363871   0.251463199798   0.287580527343  -0.344084178756   8.270420463798   0.761265426756  -0.699357370587  -0.376937281069   1.971170400058   0.065478324278  -9.041425703488  -0.253645176408  -0.065478324278  -9.041425703488   0.253645176408   0.000000000000
 13.888889000000   0.600000000000 -25.000000000000  10.000000000000  -1.956361129254   0.037783940818   0.198137851658   0.235921792477   0.212053231678   0.249837172496  -0.410315138748  -8.292413806782   0.717212272882  -0.708491592649  -0.454949393498  -1.828230616144   0.044210627432   8.237205391333  -0.286005404841  -0.044210627432   8.237205391333   0.286005404841   0.000000000000
 13.888889000000   0.600000000000 -19.444444000000  10.000000000000  -1.545863164740   0.029590258629   0.132402943675   0.161993202304   0.134214673741   0.163804932370  -0.454952052771  -9.542765639255   0.652173320064  -0.469296689022  -0.480535456765  -1.473690057128   0.053478044482   6.601292427697  -0.301106128708  -0.053478044482   6.601292427697   0.301106128708   0.000000000000
 13.888889000000   0.600000000000 -13.888889000000  10.000000000000  -1.105318982225   0.022558099911   0.081358687669   0.103916787580   0.079166753611   0.101724853521  -0.494584971588 -10.636577669196   0.519765279818  -0.282640405664  -0.505068979306  -1.068720156335   0.063116318174   4.737254511134  -0.316786448260  -0.063116318174   4.737254511134   0.316786448260   0.000000000000
 13.888889000000   0.600000000000  -8.333333000000  10.000000000000  -0.648765755155   0.017523307570   0.048030675139   0.065553982708   0.045165838380   0.062689145949  -0.529081728685  -9.896664220085   0.283853644384  -0.156721095603  -0.529348556664  -0.632732494099   0.071416101904   2.736907171069  -0.333311351237  -0.071416101904   2.736907171069   0.333311351237   0.000000000000
 13.888889000000   0.600000000000  -2.777778000000  10.000000000000  -0.180100338090   0.014778720029   0.033444340834   0.048223060863   0.033712861236   0.048491581265  -0.554986493119  -3.734734686435   0.029736647486  -0.095032242889  -0.550335833879  -0.175701296761   0.078864987337   0.644395780885  -0.348772300725  -0.078864987337   0.644395780885   0.348772300725   0.000000000000
 13.888889000000   0.600000000000   2.777778000000  10.000000000000   0.293786292679   0.014586296706   0.038515053371   0.053101350077   0.043338531261   0.057924827968  -0.573095304971   5.532557877561   0.071858014976  -0.100153364468  -0.569086182825   0.289272514820   0.085863687979  -1.481956230353  -0.363835445091  -0.085863687979  -1.481956230353   0.363835445091   0.000000000000
 13.888889000000   0.600000000000   8.333333000000  10.000000000000   0.763741466697   0.016954927627   0.063250637724   0.080205565351   0.073757700585   0.090712628212  -0.583125364641   9.522300146553   0.321518493749  -0.172147350946  -0.585329084362   0.746675501216   0.092071561926  -3.571839058332  -0.378256023713  -0.092071561926  -3.571839058332   0.378256023713   0.000000000000
 13.888889000000   0.600000000000  13.888889000000  10.000000000000   1.220995342428   0.021634182355   0.106720524899   0.128354707253   0.125804881588   0.147439063943  -0.585068438654   9.512665086897   0.513492299675  -0.308462123453  -0.598773058880   1.181495483431   0.097461199047  -5.556627064760  -0.391788149619  -0.097461199047  -5.556627064760   0.391788149619   0.000000000000
 13.888889000000   0.600000000000  19.444444000000  10.000000000000   1.659409684651   0.028184321151   0.167305533542   0.195489854694   0.199281081023   0.227465402174  -0.579141711689   8.488469579409   0.622731361995  -0.504543028530  -0.609134718248   1.581661510693   0.102290054184  -7.382068290853  -0.404081073407  -0.102290054184  -7.382068290853   0.404081073407   0.000000000000
 13.888889000000   0.600000000000  25.000000000000  10.000000000000   2.071762915928   0.035980476791   0.242615410368   0.278595887159   0.292078551907   0.328059028698  -0.566779125307   7.436444726648   0.681119212233  -0.753756125075  -0.617082331041   1.934455201257   0.106918658642  -8.991088653137  -0.415593159788  -0.106918658642  -8.991088653137   0.415593159788   0.000000000000
 19.444444000000   0.600000000000 -25.000000000000  10.000000000000  -1.828588040112   0.040181949198   0.197215504003   0.237397453201   0.208236209545   0.248418158744  -0.573879633979  -7.702643880359   0.622692185508  -0.743052313874  -0.620176123068  -1.671132681969   0.062936533928   7.377695945199  -0.389688501178  -0.062936533928   7.377695945199   0.389688501178   0.000000000000
 19.444444000000   0.600000000000 -19.444444000000  10.000000000000  -1.434326438730   0.032677366237   0.140505535401   0.173182901638   0.138494122782   0.171171489019  -0.633804169422  -8.282148094114   0.525180650663  -0.522440546789  -0.655306291347  -1.336645770214   0.075263325634   5.831450969556  -0.410705408326  -0.075263325634   5.831450969556   0.410705408326   0.000000000000
 19.444444000000   0.600000000000 -13.888889000000  10.000000000000  -1.013020932040   0.026227459448   0.097985485087   0.124212944535   0.091894365760   0.118121825208  -0.688534620570  -8.155518217763   0.365247879022  -0.351968179620  -0.690613435358  -0.956499697596   0.087124639437   4.080055376577  -0.433363225092  -0.087124639437   4.080055376577   0.433363225092   0.000000000000
 19.444444000000   0.600000000000  -8.333333000000  10.000000000000  -0.573302609093   0.021357016325   0.071378293377   0.092735309702   0.067841696577   0.089198712902  -0.732372620890  -6.182139369962   0.156689693499  -0.237794315830  -0.721472448651  -0.544588600951   0.097812306508   2.187580536954  -0.454546060619  -0.097812306508   2.187580536954   0.454546060619   0.000000000000
 19.444444000000   0.600000000000  -2.777778000000  10.000000000000  -0.121139470885   0.018543739366   0.062471722632   0.081015461998   0.065498841244   0.084042580609  -0.766763361617  -1.495263594108   0.008007946317  -0.184515745216  -0.750000252248  -0.112329384413   0.108016451929   0.204791504342  -0.475698026604  -0.108016451929   0.204791504342   0.475698026604   0.000000000000
 19.444444000000   0.600000000000   2.777778000000  10.000000000000   0.336374597823   0.018004158967   0.071929772114   0.089933931080   0.083671413048   0.101675572014  -0.790096100872   3.740241239126   0.055621222128  -0.194304803624  -0.774971095269   0.327342749147   0.117476024651  -1.809343982127  -0.495912682672  -0.117476024651  -1.809343982127   0.495912682672   0.000000000000
 19.444444000000   0.600000000000   8.333333000000  10.000000000000   0.791144208374   0.019788278246   0.099937817774   0.119726096020   0.121362526985   0.141150805231  -0.803248096576   6.607951271043   0.231121424765  -0.267528682142  -0.797290556953   0.760399351123   0.125918180921  -3.792369184241  -0.515755231117  -0.125918180921  -3.792369184241   0.515755231117   0.000000000000
 19.444444000000   0.600000000000  13.888889000000  10.000000000000   1.233212867565   0.023631847393   0.145352128613   0.168983976007   0.179342541705   0.202974389098  -0.804810440597   7.297809512522   0.397876502842  -0.401415498611  -0.815161380128   1.171096463999   0.133451231515  -5.670851527655  -0.533859721615  -0.133451231515  -5.670851527655   0.533859721615   0.000000000000
 19.444444000000   0.600000000000  19.444444000000  10.000000000000   1.657741228433   0.029166016495   0.206800646409   0.235966662904   0.257102194883   0.286268211378  -0.796392880034   7.025319627910   0.514873509554  -0.592025057418  -0.829521963933   1.549008556646   0.139615718297  -7.399221055363  -0.550847813894  -0.139615718297  -7.399221055363   0.550847813894   0.000000000000
 19.444444000000   0.600000000000  25.000000000000  10.000000000000   2.056333034059   0.035779392199   0.281830870215   0.317610262414   0.354067605636   0.389846997835  -0.778780112181   6.474391030149   0.588586232302  -0.832569472211  -0.840092302233   1.880678942976   0.144949790171  -8.915881008446  -0.566404683377  -0.144949790171  -8.915881008446   0.566404683377   0.000000000000
 25.000000000000   0.600000000000 -25.000000000000  10.000000000000  -1.673534915976   0.043051706301   0.199092733390   0.242144439691   0.208540304888   0.251592011189  -0.736420311058  -6.911308465763   0.511343542477  -0.790435818055  -0.769758124636  -1.477955197661   0.079733359879   6.316634458516  -0.482832214265  -0.079733359879   6.316634458516   0.482832214265   0.000000000000
 25.000000000000   0.600000000000 -19.444444000000  10.000000000000  -1.297799219351   0.036348941537   0.153319890953   0.189668832490   0.150434344299   0.186783285836  -0.809847592163  -6.842448505176   0.392587771161  -0.592669488636  -0.814128691383  -1.167067930073   0.094825407296   4.876063049718  -0.509986551857  -0.094825407296   4.876063049718   0.509986551857   0.000000000000
 25.000000000000   0.600000000000 -13.888889000000  10.000000000000  -0.896856166110   0.030476743429   0.120608383236   0.151085126664   0.114352634784   0.144829378213  -0.875552146855  -5.936098316956   0.235364850148  -0.441560889937  -0.857371062257  -0.814682823026   0.109233505653   3.248262335810  -0.538159933454  -0.109233505653   3.248262335810   0.538159933454   0.000000000000
 25.000000000000   0.600000000000  -8.333333000000  10.000000000000  -0.477732998956   0.025864508442   0.102362510534   0.128227018976   0.101525596767   0.127390105209  -0.928036502676  -3.725681239202   0.078688027155  -0.342316733483  -0.895277788898  -0.432688885542   0.122427774491   1.488947101284  -0.564534717369  -0.122427774491   1.488947101284   0.564534717369   0.000000000000
 25.000000000000   0.600000000000  -2.777778000000  10.000000000000  -0.046698568474   0.022991130649   0.100296778821   0.123287909470   0.109949803063   0.132940933712  -0.968577994414  -0.378776545687   0.000781995705  -0.299515400047  -0.929933500683  -0.032221198347   0.134934241953  -0.352742787353  -0.590516366471  -0.134934241953  -0.352742787353   0.590516366471   0.000000000000
 25.000000000000   0.600000000000   2.777778000000  10.000000000000   0.390290453201   0.022069362925   0.115081480579   0.137150843504   0.138131958055   0.160201320980  -0.995933552102   2.845702171646   0.049101537897  -0.315164733090  -0.960584784719   0.375457979432   0.146500773125  -2.225024983896  -0.615505759235  -0.146500773125  -2.225024983896   0.615505759235   0.000000000000
 25.000000000000   0.600000000000   8.333333000000  10.000000000000   0.825742065495   0.023167295358   0.147008751455   0.170176046813   0.184937241782   0.208104537140  -1.010933766426   4.852281393052   0.177136520268  -0.389801014414  -0.988136649784   0.777456144263   0.157019661481  -4.071179932277  -0.640079682207  -0.157019661481  -4.071179932277   0.640079682207   0.000000000000
 25.000000000000   0.600000000000  13.888889000000  10.000000000000   1.248554967459   0.026024271564   0.194707356111   0.220731627675   0.251133691858   0.277157963422  -1.011189334472   5.656438910048   0.312225585842  -0.520353711669  -1.009733984799   1.157490873859   0.166266890828  -5.814919309825  -0.662109560361  -0.166266890828  -5.814919309825   0.662109560361   0.000000000000
 25.000000000000   0.600000000000  19.444444000000  10.000000000000   1.654900715599   0.030332322168   0.256914481893   0.287246804062   0.333635757786   0.363968079954  -0.999129995561   5.761250228721   0.421508564512  -0.703585950974  -1.026915040262   1.506612147382   0.174141988696  -7.417357797337  -0.682697179449  -0.174141988696  -7.417357797337   0.682697179449   0.000000000000
 25.000000000000   0.600000000000  25.000000000000  10.000000000000   2.037030061069   0.035557851261   0.331470575520   0.367028426780   0.434581520027   0.470139371288  -0.975364153556   5.550060737634   0.499819154116  -0.932997372488  -1.039093043300   1.812550169816   0.180854240234  -8.822089597898  -0.701197713824  -0.180854240234  -8.822089597898   0.701197713824   0.000000000000
