      Beta             Mach             AoA             Re/1e6             CL              CDo              CDi             CDtot             CDt            CDtot_t             CS              L/D               E               CFx              CFy              CFz              CMx              CMy              CMz              CMl              CMm              CMn              FOpt 
-25.000000000000   0.600000000000 -25.000000000000  10.000000000000  -7.152373900593   0.113408720300   0.733924431350   0.847333151650   0.817923555192   0.931332275492  -0.338233573359  -8.441041031699   2.669094450669  -2.197178649111   0.051554742293  -6.867210199662   1.457259886918  -1.494541127296  -0.009045404603  -1.457259886918  -1.494541127296   0.009045404603   0.000000000000
-25.000000000000   0.600000000000 -19.444444000000  10.000000000000  -5.828631693449   0.087890689048   0.505755745421   0.593646434469   0.546177924593   0.634068613640  -0.249315608978  -9.818355430135   2.530014932522  -1.333613161266   0.024929146378  -5.710374440759   1.332281138134  -1.203967129453  -0.024688248121  -1.332281138134  -1.203967129453   0.024688248121   0.000000000000
-25.000000000000   0.600000000000 -13.888889000000  10.000000000000  -4.414343903421   0.064883941282   0.320343253945   0.385227195227   0.330997330144   0.395881271427  -0.168598720949 -11.459066125427   2.236315691114  -0.651521735422   0.010001713942  -4.386191629684   1.195711405345  -0.847496243714  -0.027783701128  -1.195711405345  -0.847496243714   0.027783701128   0.000000000000
-25.000000000000   0.600000000000  -8.333333000000  10.000000000000  -2.923452575407   0.046308826788   0.186063171968   0.232371998755   0.186549150746   0.232857977534  -0.099755661662 -12.580915906672   1.626020563970  -0.173611006119   0.007795317226  -2.929218556215   1.043237364780  -0.447320006206  -0.017941261897  -1.043237364780  -0.447320006206   0.017941261897   0.000000000000
-25.000000000000   0.600000000000  -2.777778000000  10.000000000000  -1.389140813426   0.033996087832   0.108612200312   0.142608288144   0.105335005943   0.139331093774  -0.048063681416  -9.740954270636   0.598226292905   0.082062787387   0.016708378104  -1.394756598791   0.882751408199  -0.006086845729   0.003291749249  -0.882751408199  -0.006086845729  -0.003291749249   0.000000000000
-25.000000000000   0.600000000000   2.777778000000  10.000000000000   0.166967879992   0.028838677978   0.091138382931   0.119977060910   0.091013185711   0.119851863689  -0.016010425336   1.391665029350   0.010272718047   0.107275067101   0.036194123774   0.172369217657   0.709485802206   0.443309392751   0.035243620762  -0.709485802206   0.443309392751  -0.035243620762   0.000000000000
-25.000000000000   0.600000000000   8.333333000000  10.000000000000   1.716515539560   0.031167669545   0.134239748674   0.165407418219   0.144402229971   0.175569899515  -0.005461505321  10.377500344551   0.787513880224  -0.098166789998   0.064954390765   1.720453210074   0.527268712793   0.888551454611   0.076487288994  -0.527268712793   0.888551454611  -0.076487288994   0.000000000000
-25.000000000000   0.600000000000  13.888889000000  10.000000000000   3.234142667938   0.040601269644   0.235880944147   0.276482213791   0.266733351197   0.307334620842  -0.016686528858  11.697470964202   1.672510570025  -0.526225238086   0.101723301552   3.201427653421   0.338474153023   1.313990569430   0.125579889117  -0.338474153023   1.313990569430  -0.125579889117   0.000000000000
-25.000000000000   0.600000000000  19.444444000000  10.000000000000   4.691295329294   0.056050323073   0.390771961975   0.446822285047   0.457537785752   0.513588108824  -0.047526580051  10.499242061746   2.177551542754  -1.160896288105   0.145761547822   4.565220057820   0.144760002932   1.703099311431   0.181301239368  -0.144760002932   1.703099311431  -0.181301239368   0.000000000000
-25.000000000000   0.600000000000  25.000000000000  10.000000000000   6.060129694938   0.075770941532   0.590654891598   0.666425833130   0.717382522114   0.793153463646  -0.094242654291   9.093479564673   2.436294221572  -1.977626396065   0.196230875721   5.764430957989  -0.052525514578   2.046526486135   0.242325311190   0.052525514578   2.046526486135  -0.242325311190   0.000000000000
-19.444444000000   0.600000000000 -25.000000000000  10.000000000000  -7.644490815933   0.122312907198   0.798305553541   0.920618460739   0.894159340211   1.016472247408  -0.303500662997  -8.303647104572   2.806306927509  -2.352358776888   0.020276733156  -7.337839455621   1.365830005806  -1.662148133099  -0.040558289416  -1.365830005806  -1.662148133099   0.040558289416   0.000000000000
-19.444444000000   0.600000000000 -19.444444000000  10.000000000000  -6.196079194875   0.093346098874   0.547544446589   0.640890545463   0.594765075423   0.688111174297  -0.225216772724  -9.667921049448   2.648303633962  -1.422063893180   0.000976303180  -6.068821467607   1.273829705569  -1.352809467095  -0.048220518761  -1.273829705569  -1.352809467095   0.048220518761   0.000000000000
-19.444444000000   0.600000000000 -13.888889000000  10.000000000000  -4.649027469165   0.067555644829   0.344738989577   0.412294634407   0.361000944666   0.428556589496  -0.152862805017 -11.275983438051   2.317577483422  -0.689139887949  -0.006894364430  -4.618641466313   1.168287177321  -0.973554712442  -0.043888674629  -1.168287177321  -0.973554712442   0.043888674629   0.000000000000
-19.444444000000   0.600000000000  -8.333333000000  10.000000000000  -3.026487190681   0.047295875423   0.199072081169   0.246367956593   0.199634933814   0.246930809237  -0.090979348931 -12.284418933929   1.643656948651  -0.178804401197  -0.003776225816  -3.032591936538   1.050944707961  -0.539531455521  -0.028176208926  -1.050944707961  -0.539531455521   0.028176208926   0.000000000000
-19.444444000000   0.600000000000  -2.777778000000  10.000000000000  -1.355370408595   0.034346148507   0.117181156657   0.151527305164   0.113114760077   0.147460908584  -0.042867963528  -8.944727203625   0.535972886993   0.091286199325   0.010019354168  -1.361393981681   0.922155552345  -0.065030478538  -0.001810568798  -0.922155552345  -0.065030478538   0.001810568798   0.000000000000
-19.444444000000   0.600000000000   2.777778000000  10.000000000000   0.341214295148   0.029756002658   0.102592929771   0.132348932429   0.101629187429   0.131385190088  -0.011450165558   2.578141650900   0.038891233162   0.111924874572   0.033260889217   0.347046217556   0.781143833056   0.418267281686   0.033923568377  -0.781143833056   0.418267281686  -0.033923568377   0.000000000000
-19.444444000000   0.600000000000   8.333333000000  10.000000000000   2.027056952299   0.033827146797   0.155495321402   0.189322468199   0.165274070033   0.199101216830   0.001420273830  10.706901149019   0.959505492566  -0.117613445227   0.064363332723   2.031459903840   0.630113623748   0.898229651487   0.077510046657  -0.630113623748   0.898229651487  -0.077510046657   0.000000000000
-19.444444000000   0.600000000000  13.888889000000  10.000000000000   3.676228112153   0.046057108980   0.273766780213   0.319823889193   0.304937801299   0.350994910279  -0.004695029789  11.494538827055   1.868149915546  -0.588158503519   0.102039785488   3.641513415175   0.472165451452   1.358919418019   0.127494206021  -0.472165451452   1.358919418019  -0.127494206021   0.000000000000
-19.444444000000   0.600000000000  19.444444000000  10.000000000000   5.254630094186   0.065066348543   0.450708628108   0.515774976650   0.521154295790   0.586220644332  -0.027859831531  10.187834486101   2.366692043276  -1.281864483509   0.145426878196   5.119923035798   0.306518458081   1.783767240897   0.182429361741  -0.306518458081   1.783767240897  -0.182429361741   0.000000000000
-19.444444000000   0.600000000000  25.000000000000  10.000000000000   6.744430310701   0.089023265619   0.678702592295   0.767725857913   0.809553544358   0.898576809976  -0.064966276017   8.784946138236   2.619401644691  -2.174607871735   0.194309415348   6.427619176734   0.136281119094   2.156191608756   0.241562769083  -0.136281119094   2.156191608756  -0.241562769083   0.000000000000
-13.888889000000   0.600000000000 -25.000000000000  10.000000000000  -7.995885341509   0.128251115799   0.845830230597   0.974081346396   0.955126614255   1.083377730054  -0.258190221381  -8.208642297788   2.901720715633  -2.466031281193  -0.016823241640  -7.672554056707   1.248663750744  -1.800126427411  -0.076939894904  -1.248663750744  -1.800126427411   0.076939894904   0.000000000000
-13.888889000000   0.600000000000 -19.444444000000  10.000000000000  -6.447945832605   0.096526125386   0.577318741564   0.673844866950   0.633811256381   0.730337381767  -0.193401711788  -9.568887660732   2.727724833756  -1.485863272678  -0.025997652950  -6.313399325562   1.190493318517  -1.476252890676  -0.074078907472  -1.190493318517  -1.476252890676   0.074078907472   0.000000000000
-13.888889000000   0.600000000000 -13.888889000000  10.000000000000  -4.794756642351   0.068711300037   0.361363707791   0.430075007829   0.384101629477   0.452812929514  -0.132470977445 -11.148652107363   2.363233608286  -0.714769300364  -0.025362814059  -4.762422273016   1.119856658074  -1.081728493316  -0.060914787612  -1.119856658074  -1.081728493316   0.060914787612   0.000000000000
-13.888889000000   0.600000000000  -8.333333000000  10.000000000000  -3.063883630227   0.047357980769   0.207889400701   0.255247381471   0.211640156400   0.258998137169  -0.079022396590 -12.003584963625   1.625926683124  -0.180117564479  -0.015442494008  -3.070195084490   1.037692785222  -0.628097991262  -0.038290061910  -1.037692785222  -0.628097991262   0.038290061910   0.000000000000
-13.888889000000   0.600000000000  -2.777778000000  10.000000000000  -1.282770427418   0.034350915318   0.123578237385   0.157929152703   0.119604314880   0.153955230198  -0.035901712935  -8.122442281644   0.460631140257   0.099573249041   0.003057224834  -1.289110678404   0.946822773168  -0.128147059751  -0.007253636985  -0.946822773168  -0.128147059751   0.007253636985   0.000000000000
-13.888889000000   0.600000000000   2.777778000000  10.000000000000   0.522963318635   0.030746581632   0.112565816167   0.143312397799   0.110916581397   0.141663163029  -0.005134082838   3.649114289258   0.084367739827   0.114845800624   0.029416700419   0.529150767384   0.843826446920   0.383083865674   0.031424328889  -0.843826446920   0.383083865674  -0.031424328889   0.000000000000
-13.888889000000   0.600000000000   8.333333000000  10.000000000000   2.316481835567   0.036764658682   0.174779222853   0.211543881535   0.185908907945   0.222673566627   0.010974568795  10.950360836528   1.121437438350  -0.135147795847   0.061432655441   2.321404844401   0.728451324947   0.892704335560   0.075875806548  -0.728451324947   0.892704335560  -0.075875806548   0.000000000000
-13.888889000000   0.600000000000  13.888889000000  10.000000000000   4.066424238421   0.051767843633   0.307507720507   0.359275564140   0.342765311968   0.394533155602   0.012147618779  11.318399146216   2.034770403221  -0.640359864096   0.098032891561   4.030553482969   0.605926082691   1.381583823360   0.124744850965  -0.605926082691   1.381583823360  -0.124744850965   0.000000000000
-13.888889000000   0.600000000000  19.444444000000  10.000000000000   5.746829379744   0.074280120201   0.504253084333   0.578533204534   0.579207801107   0.653487921308  -0.000733298349   9.933447786069   2.523748291168  -1.383324896645   0.138159131829   5.606074688316   0.472591876369   1.833336918784   0.176432906456  -0.472591876369   1.833336918784  -0.176432906456   0.000000000000
-13.888889000000   0.600000000000  25.000000000000  10.000000000000   7.329323145059   0.102149780339   0.755455639252   0.857605419591   0.889444041561   0.991593821899  -0.025189591697   8.546264957792   2.769223089889  -2.337495894017   0.181406302715   6.997021082913   0.331614993312   2.229412029550   0.229824213111  -0.331614993312   2.229412029550  -0.229824213111   0.000000000000
 -8.333333000000   0.600000000000 -25.000000000000  10.000000000000  -8.184075788275   0.130261559936   0.871686784330   1.001948344266   0.998273022109   1.128534582045  -0.203158232065  -8.168161397851   2.955368732852  -2.533568649005  -0.055798983500  -7.848706048406   1.097183455933  -1.915028268922  -0.113519134257  -1.097183455933  -1.915028268922   0.113519134257   0.000000000000
 -8.333333000000   0.600000000000 -19.444444000000  10.000000000000  -6.567535827233   0.096935125313   0.592719213187   0.689654338500   0.665847228535   0.762782353848  -0.155067027632  -9.522938464392   2.764974624040  -1.521638898311  -0.053476892453  -6.427592941123   1.079921045054  -1.580085715301  -0.099731478312  -1.079921045054  -1.580085715301   0.099731478312   0.000000000000
 -8.333333000000   0.600000000000 -13.888889000000  10.000000000000  -4.844712206011   0.068201270155   0.369509892124   0.437711162279   0.402198174898   0.470399445053  -0.108330510514 -11.068285717887   2.370642501082  -0.727254781075  -0.043748427853  -4.810795098383   1.051034371837  -1.170234809262  -0.077687979967  -1.051034371837  -1.170234809262   0.077687979967   0.000000000000
 -8.333333000000   0.600000000000  -8.333333000000  10.000000000000  -3.038267942518   0.046569876193   0.211894853206   0.258464729399   0.220491934490   0.267061810682  -0.065183257052 -11.755058222408   1.578950725176  -0.177958805272  -0.027035256411  -3.044622262681   1.008522390674  -0.703486894463  -0.048234451036  -1.008522390674  -0.703486894463   0.048234451036   0.000000000000
 -8.333333000000   0.600000000000  -2.777778000000  10.000000000000  -1.178664888731   0.034039780667   0.127214482429   0.161254263096   0.124129641858   0.158169422525  -0.027513551291  -7.309356454226   0.380879158817   0.106226206959  -0.003852174052  -1.185205470165   0.955610815335  -0.192254048432  -0.012711661604  -0.955610815335  -0.192254048432   0.012711661604   0.000000000000
 -8.333333000000   0.600000000000   2.777778000000  10.000000000000   0.704347409151   0.031735150827   0.120185403994   0.151920554821   0.118799423611   0.150534574438   0.002620973359   4.636287762254   0.144369358373   0.115626132715   0.024611427779   0.710786094625   0.894049527224   0.337896513504   0.027865889344  -0.894049527224   0.337896513504  -0.027865889344   0.000000000000
 -8.333333000000   0.600000000000   8.333333000000  10.000000000000   2.576154398377   0.039812217290   0.191303965733   0.231116183022   0.204653102590   0.244465319879   0.022887237242  11.146577295836   1.269495429189  -0.150387367049   0.056141682330   2.581616112302   0.821141654897   0.867207592889   0.071918563258  -0.821141654897   0.867207592889  -0.071918563258   0.000000000000
 -8.333333000000   0.600000000000  13.888889000000  10.000000000000   4.401931314655   0.057442680174   0.336164703414   0.393607383588   0.375208262997   0.432650943171   0.032596604782  11.183558790297   2.176411480420  -0.683159685496   0.089298685750   4.365582114545   0.734874978955   1.376916963685   0.117625392855  -0.734874978955   1.376916963685  -0.117625392855   0.000000000000
 -8.333333000000   0.600000000000  19.444444000000  10.000000000000   6.139819499331   0.082814697385   0.547850481839   0.630665179223   0.631388375988   0.714203073373   0.033369175158   9.735466142100   2.642591755600  -1.460045403583   0.124420324769   5.995750374787   0.640065519645   1.849426731316   0.164155359976  -0.640065519645   1.849426731316  -0.164155359976   0.000000000000
 -8.333333000000   0.600000000000  25.000000000000  10.000000000000   7.774950267100   0.113634055349   0.816230889897   0.929864945246   0.963175692632   1.076809747981   0.025247287353   8.361375817908   2.874041831727  -2.455306423167   0.159747767456   7.433780257510   0.534652627419   2.266235860325   0.209576342849  -0.534652627419   2.266235860325  -0.209576342849   0.000000000000
 -2.777778000000   0.600000000000 -25.000000000000  10.000000000000  -8.211367662319   0.128403903555   0.876415886684   1.004819790239   1.024817683325   1.153221586880  -0.143347782591  -8.171980430809   2.966610552453  -2.554371866549  -0.094483389542  -7.869118599939   0.926886277099  -1.994523827215  -0.149522500504  -0.926886277099  -1.994523827215   0.149522500504   0.000000000000
 -2.777778000000   0.600000000000 -19.444444000000  10.000000000000  -6.558058254017   0.094700879412   0.593687754558   0.688388633970   0.682632926501   0.777333805913  -0.113892647813  -9.526680032749   2.762069297551  -1.529561435954  -0.080397871901  -6.414745240890   0.951159325641  -1.654106750194  -0.124480503377  -0.951159325641  -1.654106750194   0.124480503377   0.000000000000
 -2.777778000000   0.600000000000 -13.888889000000  10.000000000000  -4.793762458346   0.066000081679   0.368288748484   0.434288830164   0.415421974335   0.481422056015  -0.082205931368 -11.038189622645   2.339333185087  -0.725730148306  -0.061062668865  -4.758687866683   0.961920293743  -1.239280957137  -0.093084861606  -0.961920293743  -1.239280957137   0.093084861606   0.000000000000
 -2.777778000000   0.600000000000  -8.333333000000  10.000000000000  -2.950373153709   0.044996126488   0.210992789251   0.255988915740   0.230460603531   0.275456730019  -0.050157110552 -11.525394156945   1.503316608735  -0.172209497886  -0.037692343723  -2.956631695513   0.962359598200  -0.763883650138  -0.057096052261  -0.962359598200  -0.763883650138   0.057096052261   0.000000000000
 -2.777778000000   0.600000000000  -2.777778000000  10.000000000000  -1.053568220656   0.033504845873   0.128430850250   0.161935696123   0.128791420501   0.162296266374  -0.018382345038  -6.506090046117   0.303040346057   0.111386753352  -0.010512956357  -1.060212028224   0.950522233512  -0.250092972559  -0.017656432537  -0.950522233512  -0.250092972559   0.017656432537   0.000000000000
 -2.777778000000   0.600000000000   2.777778000000  10.000000000000   0.888661264642   0.032717038110   0.125960726915   0.158677765025   0.127394247617   0.160111285727   0.010961078379   5.600414553985   0.220026072771   0.114707876454   0.018638101685   0.895272218865   0.931852251101   0.283452535586   0.022966561549  -0.931852251101   0.283452535586  -0.022966561549   0.000000000000
 -2.777778000000   0.600000000000   8.333333000000  10.000000000000   2.793404017064   0.042668235865   0.203848774802   0.246517010667   0.224307491148   0.266975727013   0.036104628988  11.331485845568   1.399388611478  -0.162956866035   0.048009007920   2.799342847581   0.900384215913   0.827974618990   0.065337021054  -0.900384215913   0.827974618990  -0.065337021054   0.000000000000
 -2.777778000000   0.600000000000  13.888889000000  10.000000000000   4.645727023633   0.062310151375   0.356840232888   0.419150384263   0.404698531646   0.467008683021   0.056388918998  11.083675926481   2.276434862255  -0.711394592205   0.076635688576   4.609738716928   0.855420489879   1.351366405642   0.106716407929  -0.855420489879   1.351366405642  -0.106716407929   0.000000000000
 -2.777778000000   0.600000000000  19.444444000000  10.000000000000   6.410170397568   0.089751969555   0.577769427096   0.667521396651   0.669599401849   0.759351371405   0.072157799774   9.602943710466   2.721395602326  -1.508486790887   0.104422691955   6.265352311884   0.800670168507   1.836518400333   0.146150422838  -0.800670168507   1.836518400333  -0.146150422838   0.000000000000
 -2.777778000000   0.600000000000  25.000000000000  10.000000000000   8.065854934659   0.122498466443   0.856568838012   0.979067304455   1.013090971930   1.135589438373   0.083088035248   8.238304862149   2.937690151539  -2.526133261466   0.130438341321   7.721730947116   0.736664112856   2.263740322896   0.182348410679  -0.736664112856   2.263740322896  -0.182348410679   0.000000000000
  2.777778000000   0.600000000000 -25.000000000000  10.000000000000  -8.067855467169   0.122557944329   0.857277588189   0.979835532518   1.014226733157   1.136784677485  -0.083216186997  -8.233887422349   2.936843169909  -2.526288918711  -0.130603572654  -7.723865706348   0.737471917689  -2.043963638453  -0.182599835306  -0.737471917689  -2.043963638453   0.182599835306   0.000000000000
  2.777778000000   0.600000000000 -19.444444000000  10.000000000000  -6.412741906386   0.089808383472   0.578290481387   0.668098864859   0.670309267893   0.760117651365  -0.072172255760  -9.598492444291   2.721225361025  -1.508799595648  -0.104465116440  -6.267968929826   0.800666104730  -1.705565033938  -0.146170985330  -0.800666104730  -1.705565033938   0.146170985330   0.000000000000
  2.777778000000   0.600000000000 -13.888889000000  10.000000000000  -4.648569449330   0.062349148081   0.357124381046   0.419473529126   0.405062455479   0.467411603560  -0.056363889495 -11.081913700278   2.277465509845  -0.711762381455  -0.076626348852  -4.612575806416   0.854572535723  -1.290049937008  -0.106618136335  -0.854572535723  -1.290049937008   0.106618136335   0.000000000000
  2.777778000000   0.600000000000  -8.333333000000  10.000000000000  -2.794504563279   0.042676942916   0.203976827825   0.246653770741   0.224485396988   0.267162339904  -0.036108259138 -11.329664877563   1.399714972924  -0.162981387190  -0.048019261524  -2.800451545937   0.899394428065  -0.814310526321  -0.065296113710  -0.899394428065  -0.814310526321   0.065296113710   0.000000000000
  2.777778000000   0.600000000000  -2.777778000000  10.000000000000  -0.887157246154   0.032704765397   0.126034554149   0.158739319546   0.127452687623   0.160157453020  -0.010967214586  -5.588768105419   0.219196903716   0.114841877701  -0.018647213760  -0.893772932749   0.929785194464  -0.294378406909  -0.022994844983  -0.929785194464  -0.294378406909   0.022994844983   0.000000000000
  2.777778000000   0.600000000000   2.777778000000  10.000000000000   1.049680254371   0.033483306367   0.128436460224   0.161919766590   0.128792040663   0.162275347030   0.018404934613   6.482718425762   0.300837456074   0.111560374798   0.010536291372   1.056327912244   0.948907536969   0.242046493294   0.017766976802  -0.948907536969   0.242046493294  -0.017766976802   0.000000000000
  2.777778000000   0.600000000000   8.333333000000  10.000000000000   2.946274582026   0.044956051005   0.210743874159   0.255699925164   0.230200123211   0.275156174217   0.050169326880  11.522391256620   1.500837105817  -0.171900501846   0.037718550869   2.952534649105   0.962555968340   0.780024681787   0.057239228712  -0.962555968340   0.780024681787  -0.057239228712   0.000000000000
  2.777778000000   0.600000000000  13.888889000000  10.000000000000   4.789499454175   0.065938819918   0.367859705914   0.433798525832   0.414950942300   0.480889762218   0.082095644284  11.040838474477   2.337813733678  -0.725187456245   0.060976272683   4.754430662534   0.962992606033   1.303218746494   0.093245482570  -0.962992606033   1.303218746494  -0.093245482570   0.000000000000
  2.777778000000   0.600000000000  19.444444000000  10.000000000000   6.554609267984   0.094623902600   0.593164776011   0.687788678611   0.682211746122   0.776835648722   0.113660258566   9.529975516935   2.761571638721  -1.528988985534   0.080194830976   6.411289733583   0.951788879513   1.788274862037   0.124534538070  -0.951788879513   1.788274862037  -0.124534538070   0.000000000000
  2.777778000000   0.600000000000  25.000000000000  10.000000000000   8.207875946245   0.128304387005   0.875669170097   1.003973557102   1.024072232679   1.152376619684   0.143053434604   8.175390565004   2.966586490121  -2.553675178399   0.094230397885   7.865590788543   0.927435461296   2.217952533587   0.149583876679  -0.927435461296   2.217952533587  -0.149583876679   0.000000000000
  8.333333000000   0.600000000000 -25.000000000000  10.000000000000  -7.775453399869   0.113635557555   0.816244875922   0.929880433477   0.963393132372   1.077028689927  -0.025170946226  -8.361777622088   2.874365937212  -2.455495139741  -0.159674477104  -7.434247403113   0.532300590245  -2.056394451264  -0.209450199845  -0.532300590245  -2.056394451264   0.209450199845   0.000000000000
  8.333333000000   0.600000000000 -19.444444000000  10.000000000000  -6.139095683196   0.082793436258   0.547703447199   0.630496883458   0.631277659423   0.714071095681  -0.033405130086  -9.736916778285   2.642673937344  -1.459966385679  -0.124431508655  -5.995010674097   0.638300016737  -1.726287629826  -0.164166226963  -0.638300016737  -1.726287629826   0.164166226963   0.000000000000
  8.333333000000   0.600000000000 -13.888889000000  10.000000000000  -4.400319474144   0.057411934513   0.335958029191   0.393369963704   0.375125373218   0.432537307731  -0.032640577829 -11.186211150217   2.176130532890  -0.683007011375  -0.089307784810  -4.363959481043   0.732760017119  -1.321523797431  -0.117605353902  -0.732760017119  -1.321523797431   0.117605353902   0.000000000000
  8.333333000000   0.600000000000  -8.333333000000  10.000000000000  -2.573634033253   0.039787306133   0.191235468411   0.231022774544   0.204541351464   0.244328657597  -0.022932168368 -11.140174549171   1.267524923851  -0.150119975467  -0.056172601193  -2.579108019386   0.819048527960  -0.856814542205  -0.071938255572  -0.819048527960  -0.856814542205   0.071938255572   0.000000000000
  8.333333000000   0.600000000000  -2.777778000000  10.000000000000  -0.702833220827   0.031723891005   0.120307326757   0.152031217762   0.118891156657   0.150615047662  -0.002631899488  -4.622953306379   0.143644667791   0.115807298072  -0.024638277132  -0.709278915083   0.891524121895  -0.348233172893  -0.027846828825  -0.891524121895  -0.348233172893   0.027846828825   0.000000000000
  8.333333000000   0.600000000000   2.777778000000  10.000000000000   1.175295828165   0.034017043263   0.127338905991   0.161355949254   0.124242303595   0.158259346858   0.027534908368   7.283870434285   0.378466224480   0.106493065644   0.003858568071   1.181845394145   0.953280684414   0.185371455195   0.012801076997  -0.953280684414   0.185371455195  -0.012801076997   0.000000000000
  8.333333000000   0.600000000000   8.333333000000  10.000000000000   3.032601499208   0.046514319385   0.211567571422   0.258081890807   0.220076221454   0.266590540839   0.065177691142  11.750539682293   1.575400141120  -0.177513152275   0.027085234774   3.038960631139   1.008462596091   0.718672429372   0.048449219885  -1.008462596091   0.718672429372  -0.048449219885   0.000000000000
  8.333333000000   0.600000000000  13.888889000000  10.000000000000   4.838686866785   0.068107908395   0.368908086290   0.437015994685   0.401798532548   0.469906440944   0.108257453681  11.072104741309   2.368511101282  -0.726486456363   0.043776894309   4.804778274065   1.051680002545   1.234893988455   0.077929384852  -1.051680002545   1.234893988455  -0.077929384852   0.000000000000
  8.333333000000   0.600000000000  19.444444000000  10.000000000000   6.562083080673   0.096831049777   0.591992846271   0.688823896048   0.665210620535   0.762041670312   0.155002838896   9.526503244621   2.763713153479  -1.520607301180   0.053533739008   6.422174567222   1.081789335320   1.714163675690   0.100054044606  -1.081789335320   1.714163675690  -0.100054044606   0.000000000000
  8.333333000000   0.600000000000  25.000000000000  10.000000000000   8.178402406558   0.130122127656   0.870642961849   1.000765089505   0.997633762712   1.127755890369   0.202985860583   8.172149980374   2.954762137328  -2.532254686066   0.055799923284   7.843058875275   1.099220815745   2.137909860333   0.113843880145  -1.099220815745   2.137909860333  -0.113843880145   0.000000000000
 13.888889000000   0.600000000000 -25.000000000000  10.000000000000  -7.326515300837   0.102073880860   0.754720124850   0.856794005710   0.888601290649   0.990675171508   0.025073210715  -8.551081417484   2.769722274385  -2.337048456583  -0.181324509451  -6.994131613100   0.328380616806  -2.033083247340  -0.229735326524  -0.328380616806  -2.033083247340   0.229735326524   0.000000000000
 13.888889000000   0.600000000000 -19.444444000000  10.000000000000  -5.742632414070   0.074197495198   0.503573145435   0.577770640633   0.578358317336   0.652555812534   0.000501179465  -9.939294263520   2.523389477668  -1.382678344782  -0.138201418584  -5.601852119635   0.470559400993  -1.720113276201  -0.176553216181  -0.470559400993  -1.720113276201   0.176553216181   0.000000000000
 13.888889000000   0.600000000000 -13.888889000000  10.000000000000  -4.061693342164   0.051707376052   0.307103156657   0.358810532709   0.342300600352   0.394007976404  -0.012334423480 -11.319883258433   2.032669638729  -0.639706027035  -0.098102608614  -4.025841777731   0.604188222136  -1.331139074263  -0.124848885541  -0.604188222136  -1.331139074263   0.124848885541   0.000000000000
 13.888889000000   0.600000000000  -8.333333000000  10.000000000000  -2.312923813479   0.036739275855   0.174704938110   0.211444213965   0.185831419952   0.222570695806  -0.011060618990 -10.938695224175   1.118522103884  -0.134748294529  -0.061492265608  -2.317867372880   0.726494586350  -0.883322063962  -0.075909350400  -0.726494586350  -0.883322063962   0.075909350400   0.000000000000
 13.888889000000   0.600000000000  -2.777778000000  10.000000000000  -0.520915182612   0.030737495967   0.112678138942   0.143415634909   0.111017855376   0.141755351342   0.005119499327  -3.632206369561   0.083647940469   0.115041662681  -0.029455638567  -0.527109725095   0.841467850355  -0.393411162839  -0.031427848158  -0.841467850355  -0.393411162839   0.031427848158   0.000000000000
 13.888889000000   0.600000000000   2.777778000000  10.000000000000   1.279595766702   0.034321948065   0.123597617503   0.157919565569   0.119508940389   0.153830888455   0.035911610096   8.102832363386   0.458381804445   0.099720177683  -0.003045315741   1.285939411988   0.944130602137   0.122285446587   0.007341128584  -0.944130602137   0.122285446587  -0.007341128584   0.000000000000
 13.888889000000   0.600000000000   8.333333000000  10.000000000000   3.056938904966   0.047282997914   0.207496887814   0.254779885728   0.211227997101   0.258510995015   0.078937463362  11.998352602419   1.621534155729  -0.179580260590   0.015472261549   3.063254955291   1.036906178678   0.644103187064   0.038516950624  -1.036906178678   0.644103187064  -0.038516950624   0.000000000000
 13.888889000000   0.600000000000  13.888889000000  10.000000000000   4.786666508818   0.068583714550   0.360513883957   0.429097598507   0.383174970319   0.451758684869   0.132294425399  11.155192957214   2.360630309574  -0.713789578727   0.025426040987   4.754330739906   1.120105983621   1.145750228757   0.061257121964  -1.120105983621   1.145750228757  -0.061257121964   0.000000000000
 13.888889000000   0.600000000000  19.444444000000  10.000000000000   6.439747982620   0.096359932334   0.576084266439   0.672444198772   0.632333129874   0.728693062208   0.193162807049   9.576628059813   2.726460520498  -1.484470509329   0.026101949156   6.305197312165   1.191417830721   1.608564010605   0.074505672723  -1.191417830721   1.608564010605  -0.074505672723   0.000000000000
 13.888889000000   0.600000000000  25.000000000000  10.000000000000   7.987216241267   0.128038811248   0.844127980641   0.972166791888   0.953056259649   1.081095070897   0.257892090382   8.215890840863   2.901134235649  -2.464116863910   0.016993396350   7.663881470363   1.249885980694   2.019038587652   0.077470436354  -1.249885980694   2.019038587652  -0.077470436354   0.000000000000
 19.444444000000   0.600000000000 -25.000000000000  10.000000000000  -6.736363332475   0.088843386100   0.677067220660   0.765910606760   0.807189728438   0.896033114538   0.064175170175  -8.795234421643   2.619332573460  -2.172988641775  -0.194451116416  -6.419473310418   0.134474994997  -1.978397639576  -0.241954886499  -0.134474994997  -1.978397639576   0.241954886499   0.000000000000
 19.444444000000   0.600000000000 -19.444444000000  10.000000000000  -5.247056871800   0.064939210405   0.449678917376   0.514618127781   0.519987892552   0.584927102956   0.027308564405 -10.196020288728   2.365179922268  -1.280545108995  -0.145561597121  -5.112357522348   0.305122820037  -1.680754533161  -0.182721262211  -0.305122820037  -1.680754533161   0.182721262211   0.000000000000
 19.444444000000   0.600000000000 -13.888889000000  10.000000000000  -3.670106981779   0.045988187567   0.273233415568   0.319221603135   0.304258340757   0.350246528324   0.004395495088 -11.497050781464   1.865446914553  -0.587337316091  -0.102121739520  -3.635410986042   0.470492494652  -1.313029223616  -0.127616583636  -0.470492494652  -1.313029223616   0.127616583636   0.000000000000
 19.444444000000   0.600000000000  -8.333333000000  10.000000000000  -2.022989098998   0.033802623949   0.155386264316   0.189188888265   0.165081207013   0.198883830962  -0.001531229664 -10.692959388623   0.956333085936  -0.117185061328  -0.064423492378  -2.027411391357   0.628109393931  -0.889820814726  -0.077526861020  -0.628109393931  -0.889820814726   0.077526861020   0.000000000000
 19.444444000000   0.600000000000  -2.777778000000  10.000000000000  -0.340544762180   0.029746467381   0.102668067866   0.132414535247   0.101678190531   0.131424657912   0.011442281384  -2.571808008425   0.038719565086   0.112016488691  -0.033290162413  -0.346380342029   0.778490287573  -0.427256936899  -0.033872471713  -0.778490287573  -0.427256936899   0.033872471713   0.000000000000
 19.444444000000   0.600000000000   2.777778000000  10.000000000000   1.351916779060   0.034315503928   0.117187321012   0.151502824940   0.113116170452   0.147431674380   0.042865041576   8.923376706635   0.533331097010   0.091429542021  -0.010013960178   1.357943244288   0.919619785526   0.060615408954   0.001924891625  -0.919619785526   0.060615408954  -0.001924891625   0.000000000000
 19.444444000000   0.600000000000   8.333333000000  10.000000000000   3.019533833918   0.047218348213   0.198672047766   0.245890395979   0.199265086382   0.246483434595   0.090840721974  12.279999069878   1.639290625757  -0.178287867105   0.003804481921   3.025640041403   1.049896058203   0.556042009304   0.028411042311  -1.049896058203   0.556042009304  -0.028411042311   0.000000000000
 19.444444000000   0.600000000000  13.888889000000  10.000000000000   4.640895558188   0.067425186234   0.343867795580   0.411292981813   0.360039539619   0.427464725852   0.152568486671  11.283673107499   2.315101370608  -0.688199925695   0.006950275433   4.610497066258   1.167922045891   1.035878086014   0.044222981511  -1.167922045891   1.035878086014  -0.044222981511   0.000000000000
 19.444444000000   0.600000000000  19.444444000000  10.000000000000   6.187013728493   0.093157788284   0.546098626333   0.639256414617   0.592855629114   0.686013417398   0.224695369880   9.678453883326   2.647309913374  -1.420662777740  -0.000923977463   6.059702308500   1.273789046592   1.480396799218   0.048612702144  -1.273789046592   1.480396799218  -0.048612702144   0.000000000000
 19.444444000000   0.600000000000  25.000000000000  10.000000000000   7.635154691526   0.122088713346   0.796406727625   0.918495440971   0.891668316204   1.013757029551   0.302919011512   8.312675655149   2.805927188064  -2.350403013583  -0.020118472237   7.328450169508   1.366364682601   1.871564147491   0.041097454988  -1.366364682601   1.871564147491  -0.041097454988   0.000000000000
 25.000000000000   0.600000000000 -25.000000000000  10.000000000000  -6.051335721508   0.075597939428   0.589060922693   0.664658862121   0.715275073118   0.790873012546   0.093273924209  -9.104423436410   2.435686657366  -1.975732326489  -0.196362089122  -5.755611101035  -0.053813930795  -1.884819343060  -0.242720747200   0.053813930795  -1.884819343060   0.242720747200   0.000000000000
 25.000000000000   0.600000000000 -19.444444000000  10.000000000000  -4.683797511780   0.055938975375   0.389767630674   0.445706606050   0.456231379234   0.512170354609   0.046913197487 -10.508701123581   2.176029973845  -1.159598238535  -0.145845954898  -4.557726981814   0.143508980244  -1.609646583319  -0.181525938409  -0.143508980244  -1.609646583319   0.181525938409   0.000000000000
 25.000000000000   0.600000000000 -13.888889000000  10.000000000000  -3.228223476719   0.040543862473   0.235364539663   0.275908402136   0.266137384811   0.306681247284   0.016368488180 -11.700344939599   1.669859678881  -0.525439722012  -0.101769041011  -3.195524424917   0.336918394812  -1.272426422582  -0.125644096247  -0.336918394812  -1.272426422582   0.125644096247   0.000000000000
 25.000000000000   0.600000000000  -8.333333000000  10.000000000000  -1.713279875915   0.031151315407   0.134146134760   0.165297450167   0.144272138354   0.175423453761   0.005354282191 -10.364829428325   0.785069660933  -0.097841287880  -0.065005093416  -1.717230697606   0.525345370033  -0.881039075875  -0.076466566034  -0.525345370033  -0.881039075875   0.076466566034   0.000000000000
 25.000000000000   0.600000000000  -2.777778000000  10.000000000000  -0.166808467790   0.028831978308   0.091201433414   0.120033411721   0.091053119277   0.119885097584   0.016004465823  -1.389683633897   0.010248298283   0.107331288128  -0.036223339809  -0.172212345736   0.707249056405  -0.451419882031  -0.035170524783  -0.707249056405  -0.451419882031   0.035170524783   0.000000000000
 25.000000000000   0.600000000000   2.777778000000  10.000000000000   1.385514211442   0.033961486465   0.108544699058   0.142506185523   0.105260619423   0.139222105888   0.048026432709   9.722484721357   0.595533196756   0.082130389999  -0.016698986465   1.391129010606   0.880072409036   0.002736235970  -0.003163491661  -0.880072409036   0.002736235970   0.003163491661   0.000000000000
 25.000000000000   0.600000000000   8.333333000000  10.000000000000   2.917354527356   0.046239123070   0.185672687802   0.231911810872   0.186124762095   0.232363885165   0.099578791252  12.579585819200   1.622457288901  -0.173213832420  -0.007761132452   2.923113613094   1.042078713954   0.463677690961   0.018165318754  -1.042078713954   0.463677690961  -0.018165318754   0.000000000000
 25.000000000000   0.600000000000  13.888889000000  10.000000000000   4.406616846839   0.064762973335   0.319537802763   0.384300776099   0.330090541408   0.394853514744   0.168231433773  11.466583262137   2.233865601448  -0.650632691317  -0.009943067528   4.378451686733   1.195090302794   0.907231960439   0.028116476258  -1.195090302794   0.907231960439  -0.028116476258   0.000000000000
 25.000000000000   0.600000000000  19.444444000000  10.000000000000   5.819747238119   0.087709741540   0.504400630503   0.592110372043   0.544770140715   0.632479882256   0.248645310574   9.828821640188   2.528851330898  -1.332235458393  -0.024887475008   5.701438975885   1.331723775861   1.324749042360   0.025066077650  -1.331723775861   1.324749042360  -0.025066077650   0.000000000000
 25.000000000000   0.600000000000  25.000000000000  10.000000000000   7.142667986736   0.113175409362   0.731934365998   0.845109775360   0.815126806504   0.928302215866   0.337250890750   8.451763540056   2.668858339844  -2.195279409454  -0.051505715771   6.857386538627   1.456373512484   1.691618935478   0.009425083126  -1.456373512484   1.691618935478  -0.009425083126   0.000000000000
