      Beta             Mach             AoA             Re/1e6             CL              CDo              CDi             CDtot             CDt            CDtot_t             CS              L/D               E               CFx              CFy              CFz              CMx              CMy              CMz              CMl              CMm              CMn              FOpt 
-25.000000000000   0.600000000000 -25.000000000000  10.000000000000  -2.082652369586   0.054551375267   0.279690562639   0.334241937906   0.295760407325   0.350311782592   0.687207316877  -6.230972638059   0.573707265893  -0.868838340312   0.764078089393  -1.892806665690  -0.047249958938   8.341758009914   0.480628702511   0.047249958938   8.341758009914  -0.480628702511   0.000000000000
-25.000000000000   0.600000000000 -19.444444000000  10.000000000000  -1.738973245321   0.047080573740   0.223025381419   0.270105955159   0.220544968900   0.267625542640   0.765728647081  -6.438115162253   0.494959155946  -0.653208198631   0.808137544862  -1.613554552453  -0.061255419798   7.052534785095   0.507784614146   0.061255419798   7.052534785095  -0.507784614146   0.000000000000
-25.000000000000   0.600000000000 -13.888889000000  10.000000000000  -1.365493706817   0.039639842541   0.175893680267   0.215533522808   0.167161253634   0.206801096175   0.835504221042  -6.335412185667   0.382456723181  -0.480920047890   0.848312384388  -1.287702245172  -0.074388467312   5.551559472086   0.533956291969   0.074388467312   5.551559472086  -0.533956291969   0.000000000000
-25.000000000000   0.600000000000  -8.333333000000  10.000000000000  -0.964970567484   0.032839193543   0.140737510846   0.173576704389   0.135036509038   0.167875702581   0.894819652763  -5.559332232294   0.237167085767  -0.358376332556   0.884338704380  -0.922773395578  -0.087225230082   3.872670062702   0.558956128291   0.087225230082   3.872670062702  -0.558956128291   0.000000000000
-25.000000000000   0.600000000000  -2.777778000000  10.000000000000  -0.550763129929   0.027376963121   0.120143154089   0.147520117211   0.123185735698   0.150562698819   0.942360167229  -3.733478120424   0.090906762449  -0.290940422341   0.916413053260  -0.537294780836  -0.098854492390   2.101962073117   0.583062426534   0.098854492390   2.101962073117  -0.583062426534   0.000000000000
-25.000000000000   0.600000000000   2.777778000000  10.000000000000  -0.124409770369   0.023553119875   0.115128875171   0.138681995046   0.131192007546   0.154745127421   0.977674039600  -0.897086678969   0.004934084894  -0.281127333896   0.944683138954  -0.138196250068  -0.110110080539   0.269257400131   0.606166044184   0.110110080539   0.269257400131  -0.606166044184   0.000000000000
-25.000000000000   0.600000000000   8.333333000000  10.000000000000   0.307518188149   0.021615901795   0.126303330615   0.147919232410   0.157621749851   0.179237651645   1.000343636871   2.078960140197   0.028264069421  -0.330224085964   0.969132596688   0.262429019497  -0.120711963072  -1.571770892074   0.628340997658   0.120711963072  -1.571770892074  -0.628340997658   0.000000000000
-25.000000000000   0.600000000000  13.888889000000  10.000000000000   0.737532884983   0.021593030501   0.153791046145   0.175384076646   0.203158989660   0.224752020161   1.009408496954   4.205244279222   0.137116695811  -0.436854700268   0.988955294699   0.651724819563  -0.130439639589  -3.362056915340   0.648850286462   0.130439639589  -3.362056915340  -0.648850286462   0.000000000000
-25.000000000000   0.600000000000  19.444444000000  10.000000000000   1.157650800171   0.023341734313   0.196780416175   0.220122150488   0.267056548526   0.290398282839   1.005065704986   5.259129068142   0.269159136777  -0.597786376785   1.003926515522   1.016636221455  -0.138990508276  -5.042201000717   0.667559219555   0.138990508276  -5.042201000717  -0.667559219555   0.000000000000
-25.000000000000   0.600000000000  25.000000000000  10.000000000000   1.561251880487   0.026559236401   0.254149393672   0.280708630073   0.348780237875   0.375339474276   0.989242692918   5.561823589388   0.383890977792  -0.808143160065   1.015190949158   1.345807506443  -0.146914777113  -6.561439932212   0.685098796405   0.146914777113  -6.561439932212  -0.685098796405   0.000000000000
-19.444444000000   0.600000000000 -25.000000000000  10.000000000000  -2.267681487102   0.052513516763   0.290776080352   0.343289597115   0.311889172298   0.364402689061   0.532623761456  -6.605739020807   0.662248811276  -0.825677044316   0.616524010856  -2.117090151181  -0.036777011117   9.556406950510   0.388800463562   0.036777011117   9.556406950510  -0.388800463562   0.000000000000
-19.444444000000   0.600000000000 -19.444444000000  10.000000000000  -1.909615566995   0.044156788853   0.222200308759   0.266357097612   0.225522105937   0.269678894790   0.595507190877  -7.169381195827   0.605264691758  -0.585790306084   0.650210599936  -1.818318570706  -0.047345539963   8.182494620234   0.408906426476   0.047345539963   8.182494620234  -0.408906426476   0.000000000000
-19.444444000000   0.600000000000 -13.888889000000  10.000000000000  -1.518686962439   0.036030564870   0.164092792364   0.200123357234   0.158423132773   0.194453697643   0.654938436775  -7.588754173560   0.509514409350  -0.393003173573   0.684203440393  -1.467248432159  -0.058553572461   6.569503135845   0.430769645586   0.058553572461   6.569503135845  -0.430769645586   0.000000000000
-19.444444000000   0.600000000000  -8.333333000000  10.000000000000  -1.101831645613   0.028751366730   0.119000818323   0.147752185053   0.112621230663   0.141372597393   0.704377246194  -7.457295100025   0.363257251060  -0.253842735996   0.713388513334  -1.076406838906  -0.068919450234   4.776680461604   0.450758573091   0.068919450234   4.776680461604  -0.450758573091   0.000000000000
-19.444444000000   0.600000000000  -2.777778000000  10.000000000000  -0.665723187481   0.023005896356   0.089479436736   0.112485333092   0.088009414881   0.111015311237   0.744718422561  -5.918311029362   0.174184373320  -0.173937482934   0.739688742349  -0.658066985864  -0.078708052013   2.859017344224   0.470221225108   0.078708052013   2.859017344224  -0.470221225108   0.000000000000
-19.444444000000   0.600000000000   2.777778000000  10.000000000000  -0.218376266555   0.019226483490   0.077073500820   0.096299984310   0.083843395371   0.103069878861   0.774933487204  -2.267666688844   0.021892853886  -0.156382752736   0.762792498083  -0.226220754746  -0.087771108278   0.880861347908   0.488911706641   0.087771108278   0.880861347908  -0.488911706641   0.000000000000
-19.444444000000   0.600000000000   8.333333000000  10.000000000000   0.233441348056   0.017638709371   0.082446310628   0.100085020000   0.099539081829   0.117177791200   0.794686884810   2.332430448201   0.024071558309  -0.202205191057   0.782679265792   0.206313709455  -0.096487804911  -1.100955195870   0.506801149824   0.096487804911  -1.100955195870  -0.506801149824   0.000000000000
-19.444444000000   0.600000000000  13.888889000000  10.000000000000   0.682583255666   0.018281198029   0.105607739179   0.123888937208   0.135592257286   0.153873455314   0.803740529022   5.509638479820   0.166263322469  -0.310176514735   0.799140682753   0.626443857458  -0.104352586941  -3.026716313199   0.523634477852   0.104352586941  -3.026716313199  -0.523634477852   0.000000000000
-19.444444000000   0.600000000000  19.444444000000  10.000000000000   1.120617156227   0.020970494255   0.145692658177   0.166663152432   0.191629358049   0.212599852303   0.802085717553   6.723844712371   0.333113829464  -0.476630865454   0.811819477240   1.020133849052  -0.111393936706  -4.832986729966   0.539119734167   0.111393936706  -4.832986729966  -0.539119734167   0.000000000000
-19.444444000000   0.600000000000  25.000000000000  10.000000000000   1.540530114474   0.025331921364   0.201187241426   0.226519162790   0.266793398788   0.292125320151   0.790552317926   6.800882077709   0.463183583253  -0.695981387020   0.820869516255   1.375245461106  -0.117578731580  -6.464672930886   0.553307407515   0.117578731580  -6.464672930886  -0.553307407515   0.000000000000
-13.888889000000   0.600000000000 -25.000000000000  10.000000000000  -2.413404835609   0.050572731266   0.301458103210   0.352030834476   0.333112291792   0.383685023058   0.379423996242  -6.855663195531   0.731471438835  -0.792772334250   0.452832204235  -2.293221794494  -0.026259917740  10.509092234007   0.286170006873   0.026259917740  10.509092234007  -0.286170006873   0.000000000000
-13.888889000000   0.600000000000 -19.444444000000  10.000000000000  -2.043274799301   0.041530695148   0.223302162264   0.264832857413   0.235981877920   0.277512573068   0.426027131013  -7.715337210283   0.696946453063  -0.534195316924   0.477141821067  -1.978276651570  -0.034467161938   9.063805514715   0.300414718688   0.034467161938   9.063805514715  -0.300414718688   0.000000000000
-13.888889000000   0.600000000000 -13.888889000000  10.000000000000  -1.639020667830   0.032795861186   0.155984975743   0.188780836929   0.157648811184   0.190444672370   0.468915338777  -8.682134767979   0.629113021077  -0.324794205839   0.500520597141  -1.608072263487  -0.042467675666   7.367181794854   0.315131230067   0.042467675666   7.367181794854  -0.315131230067   0.000000000000
-13.888889000000   0.600000000000  -8.333333000000  10.000000000000  -1.206883598356   0.025172873175   0.102878725379   0.128051598554   0.099928172384   0.125101045559   0.507774181800  -9.424978774064   0.502878985191  -0.172519695967   0.523665892262  -1.194491874966  -0.050207272438   5.473239095953   0.330778972805   0.050207272438   5.473239095953  -0.330778972805   0.000000000000
-13.888889000000   0.600000000000  -2.777778000000  10.000000000000  -0.756538260539   0.019275110981   0.066180406285   0.085455517266   0.063732201652   0.083007312633   0.538405447854  -8.853006625454   0.296100681551  -0.082890939525   0.543176838954  -0.753406414319  -0.057136633817   3.455908217093   0.345110093697   0.057136633817   3.455908217093  -0.345110093697   0.000000000000
-13.888889000000   0.600000000000   2.777778000000  10.000000000000  -0.292055990738   0.015556283391   0.047690635312   0.063246918703   0.049350571735   0.064906855126   0.561647493193  -4.617710976733   0.059622555585  -0.059179979591   0.560408410351  -0.295270934372  -0.063851983099   1.360614677447   0.358929764328   0.063851983099   1.360614677447  -0.358929764328   0.000000000000
-13.888889000000   0.600000000000   8.333333000000  10.000000000000   0.174342412800   0.014289656412   0.048241903545   0.062531559957   0.056307102457   0.070596758869   0.576772106886   2.788070742526   0.021489413484  -0.102191839482   0.574919111892   0.161233926014  -0.070269586233  -0.726358313868   0.371918520281   0.070269586233  -0.726358313868  -0.371918520281   0.000000000000
-13.888889000000   0.600000000000  13.888889000000  10.000000000000   0.638520885175   0.015502995798   0.067774159888   0.083277155685   0.084396282825   0.099899278622   0.584502120709   7.667419473208   0.216442255897  -0.210993334302   0.587402892189   0.605579383488  -0.076099345750  -2.758634436634   0.384530121683   0.076099345750  -2.758634436634  -0.384530121683   0.000000000000
-13.888889000000   0.600000000000  19.444444000000  10.000000000000   1.090620246279   0.018980646193   0.105310676357   0.124291322549   0.133780539094   0.152761185286   0.583964331804   8.774709480187   0.423081488193  -0.381463583275   0.596725858724   1.021919262681  -0.081316322337  -4.663803004629   0.395871795848   0.081316322337  -4.663803004629  -0.395871795848   0.000000000000
-13.888889000000   0.600000000000  25.000000000000  10.000000000000   1.524014207209   0.024327158305   0.159335067485   0.183662225789   0.203246281879   0.227573440184   0.576682297383   8.297918641998   0.559082513856  -0.607945547488   0.603908108121   1.398073959885  -0.086002395059  -6.387199193811   0.406700232137   0.086002395059  -6.387199193811  -0.406700232137   0.000000000000
 -8.333333000000   0.600000000000 -25.000000000000  10.000000000000  -2.514995189226   0.049104050563   0.309856507729   0.358960558293   0.352639501657   0.401743552221   0.227155399120  -7.006327383678   0.779014078783  -0.770826597211   0.276781829574  -2.415547812700  -0.015776402545  11.169663544407   0.175154001409   0.015776402545  11.169663544407  -0.175154001409   0.000000000000
 -8.333333000000   0.600000000000 -19.444444000000  10.000000000000  -2.137072655990   0.039616724011   0.225189302744   0.264806026755   0.248408380471   0.288025104483   0.256106372509  -8.070332394529   0.762479955540  -0.499350501068   0.291781137371  -2.090049063487  -0.021037017701   9.678598104002   0.183888969233   0.021037017701   9.678598104002  -0.183888969233   0.000000000000
 -8.333333000000   0.600000000000 -13.888889000000  10.000000000000  -1.724232477086   0.030504426810   0.151589243749   0.182093670559   0.161684948607   0.192189375417   0.282446293727  -9.468931412040   0.721796069916  -0.278719636409   0.305855297109  -1.707243260419  -0.025926563997   7.927061434837   0.192653270558   0.025926563997   7.927061434837  -0.192653270558   0.000000000000
 -8.333333000000   0.600000000000  -8.333333000000  10.000000000000  -1.282894275002   0.022593865096   0.092540014393   0.115133879489   0.094865725723   0.117459590819   0.306166711922 -11.142630481102   0.631969787782  -0.117121580375   0.319620659942  -1.279428292511  -0.030716647191   5.971213155675   0.201912297121   0.030716647191   5.971213155675  -0.201912297121   0.000000000000
 -8.333333000000   0.600000000000  -2.777778000000  10.000000000000  -0.819961032542   0.016557482274   0.050579453116   0.067136935391   0.049484385288   0.066041867562   0.325578357888 -12.213262755746   0.442733755684  -0.020518468820   0.331871064678  -0.819930069562  -0.034932963552   3.871111633349   0.210790416390   0.034932963552   3.871111633349  -0.210790416390   0.000000000000
 -8.333333000000   0.600000000000   2.777778000000  10.000000000000  -0.344214340710   0.012896224825   0.027730472332   0.040626697157   0.027128601188   0.040024826013   0.340189493880  -8.472614433369   0.128933010860   0.007585598954   0.342485753062  -0.344251216783  -0.038829967110   1.697867542799   0.219244573137   0.038829967110   1.697867542799  -0.219244573137   0.000000000000
 -8.333333000000   0.600000000000   8.333333000000  10.000000000000   0.133246466208   0.011872416094   0.024850319006   0.036722735100   0.027991353362   0.039863769456   0.349796147111   3.628446134132   0.021374408315  -0.033521623112   0.351425167327   0.129758148556  -0.042710168079  -0.466390521439   0.227193460822   0.042710168079  -0.466390521439  -0.227193460822   0.000000000000
 -8.333333000000   0.600000000000  13.888889000000  10.000000000000   0.607160999800   0.013494666564   0.041683324040   0.055177990604   0.050590958155   0.064085624719   0.354779310856  11.003680872688   0.295365369963  -0.142659095932   0.359030471421   0.590171968732  -0.046316642016  -2.568932503824   0.234851626676   0.046316642016  -2.568932503824  -0.234851626676   0.000000000000
 -8.333333000000   0.600000000000  19.444444000000  10.000000000000   1.069644275230   0.017553680351   0.077401926139   0.094955606490   0.094842605336   0.112396285688   0.354921743858  11.264677408380   0.532691603766  -0.315987962246   0.364936444164   1.022789267854  -0.049514247606  -4.545535259955   0.241926527509   0.049514247606  -4.545535259955  -0.241926527509   0.000000000000
 -8.333333000000   0.600000000000  25.000000000000  10.000000000000   1.512030886617   0.023600303121   0.130242277407   0.153842580528   0.160068231006   0.183668534127   0.350389800259   9.828429043674   0.656995644643  -0.547079980076   0.368986948757   1.413233908750  -0.052319238438  -6.330927729934   0.248320310098   0.052319238438  -6.330927729934  -0.248320310098   0.000000000000
 -2.777778000000   0.600000000000 -25.000000000000  10.000000000000  -2.566166731932   0.048276071999   0.314328139426   0.362604211425   0.366001958132   0.414278030131   0.075676823042  -7.077046132054   0.802887355290  -0.759587906709   0.093160567261  -2.477250050450  -0.005674823618  11.503586386844   0.059052248968   0.005674823618  11.503586386844  -0.059052248968   0.000000000000
 -2.777778000000   0.600000000000 -19.444444000000  10.000000000000  -2.184007354495   0.038560344897   0.226320455473   0.264880800369   0.258351595324   0.296911940220   0.085481081846  -8.245245980266   0.796114317046  -0.481466644029   0.098217396856  -2.146136107494  -0.007134630851   9.987803335178   0.061959560575   0.007134630851   9.987803335178  -0.061959560575   0.000000000000
 -2.777778000000   0.600000000000 -13.888889000000  10.000000000000  -1.767211626093   0.029277568746   0.149547604297   0.178825173042   0.167343958933   0.196621527679   0.094431159597  -9.882342603268   0.772086906077  -0.255250778009   0.102986497648  -1.757319959326  -0.008884568445   8.210061576032   0.064920591291   0.008884568445   8.210061576032  -0.064920591291   0.000000000000
 -2.777778000000   0.600000000000  -8.333333000000  10.000000000000  -1.322269388676   0.021251083785   0.087613691817   0.108864775602   0.095994205430   0.117245289215   0.102161658960 -12.145980013824   0.710019419726  -0.088948898900   0.107317466227  -1.323350269198  -0.010653744436   6.227279964422   0.067810019794   0.010653744436   6.227279964422  -0.067810019794   0.000000000000
 -2.777778000000   0.600000000000  -2.777778000000  10.000000000000  -0.854436414222   0.015148631069   0.042966682080   0.058115313149   0.044960237124   0.060108868193   0.108885830161 -14.702431561094   0.555375396694   0.011300132960   0.111574296743  -0.855989826390  -0.012174540696   4.093257994610   0.070879853145   0.012174540696   4.093257994610  -0.070879853145   0.000000000000
 -2.777778000000   0.600000000000   2.777778000000  10.000000000000  -0.370475692399   0.011497760256   0.017651557700   0.029149317955   0.016163391900   0.027661152155   0.113988184037 -12.709583564438   0.208165503135   0.041517344246   0.115266894269  -0.368897113987  -0.013151701976   1.868107371032   0.073773452560   0.013151701976   1.868107371032  -0.073773452560   0.000000000000
 -2.777778000000   0.600000000000   8.333333000000  10.000000000000   0.112234720453   0.010606287205   0.012974418558   0.023580705763   0.014437806571   0.025044093777   0.117368061454   4.759599716022   0.023616491592   0.001410050950   0.118372932148   0.113638922469  -0.014202392596  -0.333647131257   0.076507810142   0.014202392596  -0.333647131257  -0.076507810142   0.000000000000
 -2.777778000000   0.600000000000  13.888889000000  10.000000000000   0.591984558207   0.012452592741   0.028462234740   0.040914827480   0.034058392265   0.046510985005   0.118810374278  14.468704737685   0.378667257006  -0.108017409518   0.120653603096   0.583104272494  -0.015412510642  -2.475955042308   0.078894737060   0.015412510642  -2.475955042308  -0.078894737060   0.000000000000
 -2.777778000000   0.600000000000  19.444444000000  10.000000000000   1.058538943465   0.016803934648   0.063140607605   0.079944542254   0.075791897402   0.092595832050   0.118942670729  13.240915685115   0.619644474832  -0.282519043789   0.122677217050   1.022827685341  -0.016568946327  -4.483107873865   0.081295439414   0.016568946327  -4.483107873865  -0.081295439414   0.000000000000
 -2.777778000000   0.600000000000  25.000000000000  10.000000000000   1.505174689562   0.023211730678   0.115304301958   0.138516032636   0.138885530508   0.162097261186   0.117922968465  10.866429401103   0.723088560250  -0.515903051265   0.124497226875   1.420206972974  -0.017421207635  -6.298219713500   0.083798684181   0.017421207635  -6.298219713500  -0.083798684181   0.000000000000
  2.777778000000   0.600000000000 -25.000000000000  10.000000000000  -2.566199152911   0.048278556026   0.314295657266   0.362574213292   0.365974379909   0.414252935935  -0.076023567034  -7.077721081180   0.802974072588  -0.759643993635  -0.093505450050  -2.477259669279   0.004960732437  11.503165304381  -0.059199138473  -0.004960732437  11.503165304381   0.059199138473   0.000000000000
  2.777778000000   0.600000000000 -19.444444000000  10.000000000000  -2.182963189879   0.038533481943   0.226076863349   0.264610345292   0.258060837055   0.296594318998  -0.085905885299  -8.249727301758   0.796166182370  -0.481393192008  -0.098628594272  -2.145054717114   0.006540282593   9.981948077917  -0.062201207506  -0.006540282593   9.981948077917   0.062201207506   0.000000000000
  2.777778000000   0.600000000000 -13.888889000000  10.000000000000  -1.765835106370   0.029249010523   0.149320844526   0.178569855048   0.167108281943   0.196357292466  -0.094890835220  -9.888763732780   0.771986789480  -0.255189546213  -0.103433259838  -1.755917123014   0.008321864751   8.202562542018  -0.065214075499  -0.008321864751   8.202562542018   0.065214075499   0.000000000000
  2.777778000000   0.600000000000  -8.333333000000  10.000000000000  -1.320635967178   0.021224834124   0.087407466147   0.108632300271   0.095753199067   0.116978033191  -0.102584027979 -12.156936416553   0.709782009779  -0.088962167485  -0.107728072658  -1.321697473850   0.010106643561   6.218636524823  -0.068099405132  -0.010106643561   6.218636524823   0.068099405132   0.000000000000
  2.777778000000   0.600000000000  -2.777778000000  10.000000000000  -0.853070995363   0.015132940004   0.042920662350   0.058053602353   0.044911722730   0.060044662734  -0.109058325611 -14.694540231511   0.554190273846   0.011296388831  -0.111743598860  -0.854622619625   0.012138726582   4.085305931735  -0.070997001394  -0.012138726582   4.085305931735   0.070997001394   0.000000000000
  2.777778000000   0.600000000000   2.777778000000  10.000000000000  -0.370227841506   0.011495351080   0.017685814382   0.029181165462   0.016181571413   0.027676922493  -0.113758546692 -12.687219158176   0.207660185754   0.041548221207  -0.115039070153  -0.368647473398   0.013353063705   1.866305316352  -0.073605086600  -0.013353063705   1.866305316352   0.073605086600   0.000000000000
  2.777778000000   0.600000000000   8.333333000000  10.000000000000   0.111957872154   0.010605392728   0.012984917561   0.023590310289   0.014441255905   0.025046648633  -0.117110930989   4.745926220658   0.023490558337   0.001471996624  -0.118116569266   0.113368193619   0.014292230407  -0.332341585357  -0.076330787794  -0.014292230407  -0.332341585357   0.076330787794   0.000000000000
  2.777778000000   0.600000000000  13.888889000000  10.000000000000   0.591868158324   0.012450368515   0.028447893524   0.040898262039   0.034038923338   0.046489291853  -0.118362302719  14.471719061306   0.378671674734  -0.107984451392  -0.120205255217   0.582992516467   0.015686261945  -2.475292287714  -0.078546655490  -0.015686261945  -2.475292287714   0.078546655490   0.000000000000
  2.777778000000   0.600000000000  19.444444000000  10.000000000000   1.058360468146   0.016800228240   0.063098694818   0.079898923057   0.075716900641   0.092517128881  -0.118457467856  13.246241972300   0.619789215458  -0.282480424454  -0.122190373472   1.022652048627   0.016785499086  -4.482041879277  -0.080915838561  -0.016785499086  -4.482041879277   0.080915838561   0.000000000000
  2.777778000000   0.600000000000  25.000000000000  10.000000000000   1.504803119786   0.023203515426   0.115223720987   0.138427236413   0.138771516155   0.161975031581  -0.117393243250  10.870715610444   0.723195205775  -0.515803134737  -0.123963820806   1.419843582929   0.017620810093  -6.296235316096  -0.083381840562  -0.017620810093  -6.296235316096   0.083381840562   0.000000000000
  8.333333000000   0.600000000000 -25.000000000000  10.000000000000  -2.512531165304   0.049043088616   0.309139336966   0.358182425583   0.351603195773   0.400646284389  -0.227899971593  -7.014669022961   0.779177427952  -0.770580839120  -0.277405764367  -2.412943661993   0.015046547622  11.155611766319  -0.175485698160  -0.015046547622  11.155611766319   0.175485698160   0.000000000000
  8.333333000000   0.600000000000 -19.444444000000  10.000000000000  -2.134684654543   0.039564871056   0.224655785868   0.264220656924   0.247662406045   0.287227277101  -0.257018156225  -8.079173972972   0.762462360798  -0.499226317410  -0.292598455411  -2.087560463893   0.020453097636   9.665027860390  -0.184407010492  -0.020453097636   9.665027860390   0.184407010492   0.000000000000
  8.333333000000   0.600000000000 -13.888889000000  10.000000000000  -1.721866569628   0.030461038832   0.151189890454   0.181650929286   0.161143542946   0.191604581778  -0.283280833351  -9.478985746984   0.721571025124  -0.278694398514  -0.306616858049  -1.704812338310   0.025459342550   7.913558809707  -0.193173265587  -0.025459342550   7.913558809707   0.193173265587   0.000000000000
  8.333333000000   0.600000000000  -8.333333000000  10.000000000000  -1.280265248787   0.022550436726   0.092290646559   0.114841083285   0.094581387661   0.117131824387  -0.306623543482 -11.148146744735   0.630986917959  -0.117092707063  -0.320030232613  -1.276775441197   0.030588753715   5.955940350758  -0.202212358400  -0.030588753715   5.955940350758   0.202212358400   0.000000000000
  8.333333000000   0.600000000000  -2.777778000000  10.000000000000  -0.818063579931   0.016531148628   0.050519311429   0.067050460057   0.049403640047   0.065934788676  -0.325530211006 -12.200715390077   0.441255443353  -0.020505005690  -0.331810893118  -0.818031038061   0.035355692950   3.860234106541  -0.210724000956  -0.035355692950   3.860234106541   0.210724000956   0.000000000000
  8.333333000000   0.600000000000   2.777778000000  10.000000000000  -0.343697560435   0.012894640770   0.027794652974   0.040689293744   0.027189542194   0.040084182964  -0.340375424807  -8.446879481289   0.128348402790   0.007595501796  -0.342678793103  -0.343733348101   0.039256916848   1.695006062382  -0.219322406046  -0.039256916848   1.695006062382   0.219322406046   0.000000000000
  8.333333000000   0.600000000000   8.333333000000  10.000000000000   0.133027768964   0.011873760293   0.024887386264   0.036761146557   0.028031152496   0.039904912788  -0.349992058025   3.618705655954   0.021282041608  -0.033480416241  -0.351624576787   0.129543153506   0.042948197964  -0.465490249964  -0.227293350200  -0.042948197964  -0.465490249964   0.227293350200   0.000000000000
  8.333333000000   0.600000000000  13.888889000000  10.000000000000   0.606711011710   0.013489303674   0.041651796961   0.055141100635   0.050549247513   0.064038551187  -0.354532414555  11.002881783735   0.295125030855  -0.142551777244  -0.358780835408   0.589734964732   0.046423033189  -2.566631836351  -0.234660816847  -0.046423033189  -2.566631836351   0.234660816847   0.000000000000
  8.333333000000   0.600000000000  19.444444000000  10.000000000000   1.068455820542   0.017533924419   0.077240477372   0.094774401791   0.094640081463   0.112174005882  -0.354353841333  11.273675173379   0.532524763184  -0.315683787156  -0.364348275425   1.021636311646   0.049724401438  -4.539550362450  -0.241481692518  -0.049724401438  -4.539550362450   0.241481692518   0.000000000000
  8.333333000000   0.600000000000  25.000000000000  10.000000000000   1.511662440606   0.023591743906   0.130164454408   0.153756198313   0.159942815333   0.183534559239  -0.350156433449   9.831554481641   0.657044423950  -0.546971076936  -0.368743526383   1.412878155925   0.052502727709  -6.328751546725  -0.248112758787  -0.052502727709  -6.328751546725   0.248112758787   0.000000000000
 13.888889000000   0.600000000000 -25.000000000000  10.000000000000  -2.410697148130   0.050511332816   0.300695791688   0.351207124504   0.331970775537   0.382482108353  -0.380609084355  -6.864032589129   0.731542752638  -0.792610540276  -0.453784920813  -2.290309637687   0.025808604476  10.492562767020  -0.286764915978  -0.025808604476  10.492562767020   0.286764915978   0.000000000000
 13.888889000000   0.600000000000 -19.444444000000  10.000000000000  -2.040239202623   0.041473034178   0.222674500922   0.264147535100   0.235090648194   0.276563682372  -0.427375467078  -7.723862355379   0.696679987103  -0.534117324422  -0.478286231270  -1.975084980149   0.034148998185   9.045794713156  -0.301173604335  -0.034148998185   9.045794713156   0.301173604335   0.000000000000
 13.888889000000   0.600000000000 -13.888889000000  10.000000000000  -1.636521781332   0.032754086302   0.155635180721   0.188389267023   0.157236604255   0.189990690557  -0.469999367096  -8.686916230379   0.628499801287  -0.324815983829  -0.501478939418  -1.605492731763   0.042380041610   7.352109182506  -0.315803404045  -0.042380041610   7.352109182506   0.315803404045   0.000000000000
 13.888889000000   0.600000000000  -8.333333000000  10.000000000000  -1.204896079737   0.025125562735   0.102642517155   0.127768079890   0.099675358205   0.124800920940  -0.507642392848  -9.430337223276   0.502336269094  -0.172472664097  -0.523469900656  -1.192490036632   0.050540061344   5.461959656931  -0.330663077528  -0.050540061344   5.461959656931   0.330663077528   0.000000000000
 13.888889000000   0.600000000000  -2.777778000000  10.000000000000  -0.754813395956   0.019243282892   0.066136887946   0.085380170837   0.063697187952   0.082940470844  -0.538172626087  -8.840617072492   0.295012148248  -0.082824585242  -0.542932738044  -0.751682740121   0.057691768371   3.446192215238  -0.344906792024  -0.057691768371   3.446192215238   0.344906792024   0.000000000000
 13.888889000000   0.600000000000   2.777778000000  10.000000000000  -0.291278797260   0.015549013536   0.047777093567   0.063326107103   0.049435603238   0.064984616774  -0.561700412539  -4.599663718284   0.059231492419  -0.059153549214  -0.560478790864  -0.294491544239   0.064497498915   1.356704870289  -0.358896958047  -0.064497498915   1.356704870289   0.358896958047   0.000000000000
 13.888889000000   0.600000000000   8.333333000000  10.000000000000   0.174112771965   0.014293099958   0.048339409027   0.062632508984   0.056422895271   0.070715995229  -0.577074367525   2.779910541476   0.021398295045  -0.102133382843  -0.575236767135   0.161010397311   0.070686200219  -0.725176989223  -0.372069963797  -0.070686200219  -0.725176989223   0.372069963797   0.000000000000
 13.888889000000   0.600000000000  13.888889000000  10.000000000000   0.637386724747   0.015498011227   0.067770560500   0.083268571726   0.084391363799   0.099889375026  -0.584765578578   7.654589379076   0.215696269316  -0.210790571443  -0.587656586862   0.604461201997   0.076392065465  -2.752921414138  -0.384643795023  -0.076392065465  -2.752921414138   0.384643795023   0.000000000000
 13.888889000000   0.600000000000  19.444444000000  10.000000000000   1.089615000061   0.018968450566   0.105222753231   0.124191203797   0.133687272036   0.152655722602  -0.584069875949   8.773689011337   0.422642368044  -0.381244482216  -0.596804284595   1.020930562829   0.081535503005  -4.658683551817  -0.395871425559  -0.081535503005  -4.658683551817   0.395871425559   0.000000000000
 13.888889000000   0.600000000000  25.000000000000  10.000000000000   1.522235093267   0.024290357239   0.158988184240   0.183278541478   0.202794949042   0.227085306281  -0.576170593134   8.305582753935   0.558945624547  -0.607419909558  -0.603319265041   1.396356033838   0.086254511634  -6.378202432180  -0.406211039222  -0.086254511634  -6.378202432180   0.406211039222   0.000000000000
 19.444444000000   0.600000000000 -25.000000000000  10.000000000000  -2.263435963555   0.052386821359   0.289650095673   0.342036917031   0.310311746644   0.362698568002  -0.533137613740  -6.617519486491   0.662187780168  -0.825108400207  -0.616591547395  -2.112670897348   0.036871935032   9.532623771210  -0.388856360268  -0.036871935032   9.532623771210   0.388856360268   0.000000000000
 19.444444000000   0.600000000000 -19.444444000000  10.000000000000  -1.904592402913   0.044005707371   0.221192560563   0.265198267933   0.224372851706   0.268378559077  -0.595844166601  -7.181767881657   0.604715545622  -0.585254321255  -0.650142590233  -1.813180797725   0.047964718544   8.155247542123  -0.408899219567  -0.047964718544   8.155247542123   0.408899219567   0.000000000000
 19.444444000000   0.600000000000 -13.888889000000  10.000000000000  -1.514556292721   0.035910670016   0.163480993204   0.199391663220   0.157780616076   0.193691286092  -0.654812946694  -7.595885746968   0.508606100066  -0.392640884370  -0.683841532091  -1.463082939976   0.059326869116   6.547392085530  -0.430541832209  -0.059326869116   6.547392085530   0.430541832209   0.000000000000
 19.444444000000   0.600000000000  -8.333333000000  10.000000000000  -1.098613766372   0.028668239071   0.118698863242   0.147367102313   0.112336174707   0.141004413779  -0.704098614761  -7.454945840199   0.362082262733  -0.253643873253  -0.712997582496  -1.073183750684   0.069701299559   4.759375345836  -0.450474915642  -0.069701299559   4.759375345836   0.450474915642   0.000000000000
 19.444444000000   0.600000000000  -2.777778000000  10.000000000000  -0.663994130594   0.022962830905   0.089448417891   0.112411248795   0.087962573229   0.110925404133  -0.744451465685  -5.906829945482   0.173394943914  -0.173834701942  -0.739412349314  -0.656340881831   0.079588941560   2.849344157004  -0.469981375673  -0.079588941560   2.849344157004   0.469981375673   0.000000000000
 19.444444000000   0.600000000000   2.777778000000  10.000000000000  -0.217521776215   0.019207637222   0.077126409403   0.096334046624   0.083908995723   0.103116632944  -0.774641945194  -2.257994798699   0.021714178286  -0.156295143386  -0.762528923348  -0.225361008454   0.088432544882   0.876788339678  -0.488646764187  -0.088432544882   0.876788339678   0.488646764187   0.000000000000
 19.444444000000   0.600000000000   8.333333000000  10.000000000000   0.233523590647   0.017640076873   0.082601206860   0.100241283733   0.099719588504   0.117359665377  -0.794941443769   2.329614924612   0.024050971345  -0.202155161319  -0.782971324963   0.206404157936   0.097109190393  -1.100980683466  -0.506898804147  -0.097109190393  -1.100980683466   0.506898804147   0.000000000000
 19.444444000000   0.600000000000  13.888889000000  10.000000000000   0.682472793901   0.018292685650   0.105806429408   0.124099115058   0.135856357980   0.154149043630  -0.804554172897   5.499417087543   0.165928017129  -0.310220540786  -0.799977886890   0.626319182575   0.104787225224  -3.025538449542  -0.524109044104  -0.104787225224  -3.025538449542   0.524109044104   0.000000000000
 19.444444000000   0.600000000000  19.444444000000  10.000000000000   1.119003489236   0.020955173739   0.145621922006   0.166577095745   0.191490955303   0.212446129042  -0.802385349991   6.717631161883   0.332326762529  -0.476264264051  -0.812073372417   1.018551999767   0.111761784723  -4.824644813737  -0.539204403154  -0.111761784723  -4.824644813737   0.539204403154   0.000000000000
 19.444444000000   0.600000000000  25.000000000000  10.000000000000   1.538670913497   0.025302449109   0.200975855152   0.226278304261   0.266507989374   0.291810438483  -0.790695778572   6.799904739080   0.462558103793  -0.695444778893  -0.820924614542   1.373444284281   0.117997900386  -6.455196815101  -0.553233056730  -0.117997900386  -6.455196815101   0.553233056730   0.000000000000
 25.000000000000   0.600000000000 -25.000000000000  10.000000000000  -2.077709106825   0.054382560341   0.278475799541   0.332858359883   0.294223536832   0.348606097173  -0.687620704642  -6.242021704239   0.573360458819  -0.868044026314  -0.763868020604  -1.887722773412   0.047858889814   8.315023146423  -0.480554262425  -0.047858889814   8.315023146423   0.480554262425   0.000000000000
 25.000000000000   0.600000000000 -19.444444000000  10.000000000000  -1.734384783067   0.046922644730   0.222162993455   0.269085638185   0.219546574993   0.266469219723  -0.765889203095  -6.445475108827   0.494217490703  -0.652616696435  -0.807851853442  -1.608897373438   0.062132610822   7.027740021393  -0.507658767352  -0.062132610822   7.027740021393   0.507658767352   0.000000000000
 25.000000000000   0.600000000000 -13.888889000000  10.000000000000  -1.361795276129   0.039519392364   0.175374741703   0.214894134067   0.166254166313   0.205773558677  -0.835359230565  -6.337051879238   0.381519558738  -0.480535333920  -0.847910761032  -1.283987554929   0.075311072778   5.531961609600  -0.533698169984  -0.075311072778   5.531961609600   0.533698169984   0.000000000000
 25.000000000000   0.600000000000  -8.333333000000  10.000000000000  -0.964062131244   0.032774078047   0.140597082514   0.173371160561   0.134901833976   0.167675912023  -0.894280377781  -5.560683380810   0.237001400673  -0.358203489178  -0.883763088689  -0.921880583214   0.088107534521   3.866914750686  -0.558588620195  -0.088107534521   3.866914750686   0.558588620195   0.000000000000
 25.000000000000   0.600000000000  -2.777778000000  10.000000000000  -0.548907905078   0.027329977231   0.120176250916   0.147506228148   0.123272138850   0.150602116081  -0.942171082939  -3.721252397068   0.090303864054  -0.290783270120  -0.916235814924  -0.535444998477   0.099837341159   2.093045692728  -0.582862512250  -0.099837341159   2.093045692728   0.582862512250   0.000000000000
 25.000000000000   0.600000000000   2.777778000000  10.000000000000  -0.123344020379   0.023530673644   0.115241185724   0.138771859368   0.131327039667   0.154857713311  -0.977530754891  -0.888825882574   0.004846771149  -0.281037150059  -0.944591257210  -0.137124870693   0.110919481723   0.264450213213  -0.606002819713  -0.110919481723   0.264450213213   0.606002819713   0.000000000000
 25.000000000000   0.600000000000   8.333333000000  10.000000000000   0.307840018308   0.021609995114   0.126499136413   0.148109131527   0.157860640661   0.179470635775  -1.000429180114   2.078467513350   0.028286944493  -0.330136209955  -0.969290380030   0.262767155854   0.121521165549  -1.572659549128  -0.628319396933  -0.121521165549  -1.572659549128   0.628319396933   0.000000000000
 25.000000000000   0.600000000000  13.888889000000  10.000000000000   0.737628756165   0.021609704914   0.154105616915   0.175715321829   0.203595495830   0.225205200743  -1.010302285401   4.197862477146   0.136893796272  -0.436952967914  -0.989905332392   0.651799279584   0.130970341872  -3.361617136462  -0.649387019452  -0.130970341872  -3.361617136462   0.649387019452   0.000000000000
 25.000000000000   0.600000000000  19.444444000000  10.000000000000   1.157258996560   0.023346420875   0.196982651261   0.220329072136   0.267501815198   0.290848236073  -1.005693230488   5.252411701010   0.268724366085  -0.597729187389  -1.004582695638   1.016240909019   0.139356131323  -5.039296195992  -0.667886984259  -0.139356131323  -5.039296195992   0.667886984259   0.000000000000
 25.000000000000   0.600000000000  25.000000000000  10.000000000000   1.559185591865   0.026532565684   0.253983532401   0.280516098085   0.348619927850   0.375152493534  -0.989577351834   5.558274917229   0.383138290969  -0.807556235144  -1.015412885605   1.343801296790   0.147444260289  -6.550648014134  -0.685106021524  -0.147444260289  -6.550648014134   0.685106021524   0.000000000000
