      Beta             Mach             AoA             Re/1e6             CL              CDo              CDi             CDtot             CDt            CDtot_t             CS              L/D               E               CFx              CFy              CFz              CMx              CMy              CMz              CMl              CMm              CMn              FOpt 
-25.000000000000   0.600000000000 -25.000000000000  10.000000000000  -6.435552971724   0.084059337300   0.587450576379   0.671509913678   0.690246220720   0.774305558020  -0.142556035736  -9.583705081098   2.726697948170  -2.113605997760   0.154592707184  -6.115256382236   0.388990468191  -1.752934605214   0.172188364616  -0.388990468191  -1.752934605214  -0.172188364616   0.000000000000
-25.000000000000   0.600000000000 -19.444444000000  10.000000000000  -5.054132498077   0.061573801530   0.369480443391   0.431054244922   0.419993763515   0.481567565045  -0.081714493465 -11.725049822894   2.619865773267  -1.281533384835   0.108112913964  -4.907415216793   0.208539480309  -1.481718020429   0.120443514922  -0.208539480309  -1.481718020429  -0.120443514922   0.000000000000
-25.000000000000   0.600000000000 -13.888889000000  10.000000000000  -3.583182903764   0.043181583334   0.198757722814   0.241939306149   0.219476344168   0.262657927502  -0.035516784455 -14.810255352068   2.346114723660  -0.632674641567   0.070058830690  -3.534658448822   0.027429265449  -1.147267535462   0.076422734381  -0.027429265449  -1.147267535462  -0.076422734381   0.000000000000
-25.000000000000   0.600000000000  -8.333333000000  10.000000000000  -2.045327309968   0.030776871970   0.083434683444   0.114211555414   0.089899397833   0.120676269804  -0.008186962412 -17.908234438713   1.619322348298  -0.190591732373   0.040847981233  -2.039235480425  -0.154777227495  -0.762886732912   0.041031174033   0.154777227495  -0.762886732912  -0.041031174033   0.000000000000
-25.000000000000   0.600000000000  -2.777778000000  10.000000000000  -0.468460118711   0.025690569114   0.029205260625   0.054895829739   0.030003517585   0.055694086698  -0.002601303362  -8.533619419534   0.176735427908   0.028089432477   0.020842398648  -0.470374085092  -0.334387522517  -0.341182299639   0.014753409325   0.334387522517  -0.341182299639  -0.014753409325   0.000000000000
-25.000000000000   0.600000000000   2.777778000000  10.000000000000   1.117854863629   0.028509062665   0.038685042199   0.067194104864   0.037769586107   0.066278648772  -0.019474884880  16.636204409374   0.822161980797   0.014873846973   0.010747215979   1.119891548783  -0.509727104019   0.104245536464  -0.001498639037   0.509727104019   0.104245536464   0.001498639037   0.000000000000
-25.000000000000   0.600000000000   8.333333000000  10.000000000000   2.683394084139   0.039026486574   0.111426227390   0.150452713963   0.113407701938   0.152434188512  -0.057648509529  17.835464801192   2.115858453620  -0.229886436667   0.011336771352   2.678355257324  -0.677738875163   0.555279546756  -0.006997617431   0.677738875163   0.555279546756   0.006997617431   0.000000000000
-25.000000000000   0.600000000000  13.888889000000  10.000000000000   4.205591631043   0.056329761171   0.244347818126   0.300677579297   0.256526527773   0.312856288944  -0.114594849826  13.987047657085   2.600583936497  -0.697956236662   0.023213631155   4.159670440363  -0.835902440229   0.990266835579  -0.001007347025   0.835902440229   0.990266835579   0.001007347025   0.000000000000
-25.000000000000   0.600000000000  19.444444000000  10.000000000000   5.652202337954   0.078760291316   0.431047008810   0.509807300126   0.469625017540   0.548385308856  -0.186760816335  11.086938803263   2.770429301828  -1.371460375151   0.046191092844   5.509912628825  -0.986713562041   1.397097354773   0.016166679535   0.986713562041   1.397097354773  -0.016166679535   0.000000000000
-25.000000000000   0.600000000000  25.000000000000  10.000000000000   7.005914060643   0.104203414368   0.663304851866   0.767508266234   0.748419828800   0.852623243169  -0.268686784671   9.128128476084   2.827250378769  -2.227487677995   0.080850084126   6.691476313968  -1.126911175682   1.757289451173   0.045239188130   1.126911175682   1.757289451173  -0.045239188130   0.000000000000
-19.444444000000   0.600000000000 -25.000000000000  10.000000000000  -7.083317391267   0.096604331770   0.665687122351   0.762291454121   0.771762175868   0.868366507638  -0.113690990001  -9.292138004401   2.909846466052  -2.307771666853   0.146554655863  -6.739444401000   0.223096530383  -1.862259982847   0.165114809747  -0.223096530383  -1.862259982847  -0.165114809747   0.000000000000
-19.444444000000   0.600000000000 -19.444444000000  10.000000000000  -5.578440183990   0.069828270114   0.419849977292   0.489678247407   0.472676842963   0.542505113078  -0.063207415956 -11.392052257851   2.809522214520  -1.401767426564   0.103407942944  -5.420989737025   0.070900011522  -1.569481336838   0.117181717901  -0.070900011522  -1.569481336838  -0.117181717901   0.000000000000
-19.444444000000   0.600000000000 -13.888889000000  10.000000000000  -3.980468559857   0.047858760664   0.227388874262   0.275247634926   0.248220834925   0.296079595589  -0.025371568512 -14.461408763543   2.544851946372  -0.695311383028   0.067703430033  -3.928421217133  -0.081514074863  -1.207372121210   0.075834477630   0.081514074863  -1.207372121210  -0.075834477630   0.000000000000
-19.444444000000   0.600000000000  -8.333333000000  10.000000000000  -2.309308885141   0.032779800265   0.096390521987   0.129170322251   0.102393349107   0.135173149371  -0.003896179137 -17.878014430029   1.825236022053  -0.212892085905   0.039325895824  -2.302767490007  -0.231482216843  -0.791420565221   0.041364444180   0.231482216843  -0.791420565221  -0.041364444180   0.000000000000
-19.444444000000   0.600000000000  -2.777778000000  10.000000000000  -0.594902368595   0.026137978675   0.033429541032   0.059567519707   0.033996096609   0.060134075284  -0.001118413133  -9.987026008877   0.262663423332   0.027645558299   0.018774967398  -0.596943541818  -0.379258699801  -0.336672444729   0.014646410796   0.379258699801  -0.336672444729  -0.014646410796   0.000000000000
-19.444444000000   0.600000000000   2.777778000000  10.000000000000   1.132197273430   0.028648894970   0.041403035996   0.070051930965   0.040472550171   0.069121445141  -0.017630166554  16.162256454965   0.808987515582   0.016971964171   0.006695150283   1.134352629988  -0.522932026454   0.142346501389  -0.003571239055   0.522932026454   0.142346501389   0.003571239055   0.000000000000
-19.444444000000   0.600000000000   8.333333000000  10.000000000000   2.836964663033   0.040109728525   0.119833130980   0.159942859505   0.121801329532   0.161911058058  -0.052152431435  17.737363654838   2.224644998819  -0.244760633014   0.004065904972   2.831385843479  -0.657381561370   0.630450020773  -0.012396653922   0.657381561370   0.630450020773   0.012396653922   0.000000000000
-19.444444000000   0.600000000000  13.888889000000  10.000000000000   4.497001765563   0.059616163598   0.265802450082   0.325418613679   0.279130535897   0.338746699494  -0.103045732014  13.819128889766   2.747397171377  -0.748272452230   0.011160986076   4.447415468125  -0.788704749261   1.094492721426  -0.011627618114   0.788704749261   1.094492721426   0.011627618114   0.000000000000
-19.444444000000   0.600000000000  19.444444000000  10.000000000000   6.078344617182   0.085264889585   0.472394245646   0.557659135232   0.511831677171   0.597096566757  -0.166541273874  10.899749027973   2.929001125721  -1.475297418206   0.028598100893   5.925172796526  -0.908536147394   1.529874494297  -0.000484015608   0.908536147394   1.529874494297   0.000484015608   0.000000000000
-19.444444000000   0.600000000000  25.000000000000  10.000000000000   7.563122774421   0.114807671321   0.730986823505   0.845794494826   0.817840777312   0.932648448633  -0.238884191973   8.942033579886   2.989889707444  -2.401411933235   0.056299434731   7.225185892847  -1.021637357581   1.906000815508   0.020903167149   1.021637357581   1.906000815508  -0.020903167149   0.000000000000
-13.888889000000   0.600000000000 -25.000000000000  10.000000000000  -7.612250855220   0.108142521865   0.731682456523   0.839824978388   0.844189512168   0.952332034033  -0.073754554007  -9.064091984771   3.050388233933  -2.462144418694   0.129993218390  -7.251072709332   0.040428498118  -1.942062638113   0.149964103309  -0.040428498118  -1.942062638113  -0.149964103309   0.000000000000
-13.888889000000   0.600000000000 -19.444444000000  10.000000000000  -6.018703389286   0.077714989326   0.463760984100   0.541475973426   0.518151365315   0.595866354641  -0.037753522795 -11.115365564994   2.957633882544  -1.499372287973   0.093326055773  -5.853425068783  -0.078337726880  -1.629835969650   0.108724378459   0.078337726880  -1.629835969650  -0.108724378459   0.000000000000
-13.888889000000   0.600000000000 -13.888889000000  10.000000000000  -4.316780596843   0.052434888696   0.252406009312   0.304840898009   0.275059974279   0.327494862975  -0.011240032614 -14.160765911148   2.702492147721  -0.746303710403   0.062262537781  -4.262253298543  -0.197269268738  -1.246487916927   0.072127982179   0.197269268738  -1.246487916927  -0.072127982179   0.000000000000
-13.888889000000   0.600000000000  -8.333333000000  10.000000000000  -2.540345817458   0.034855903793   0.108007895524   0.142863799317   0.114283299774   0.149139203567   0.002161473720 -17.781592184967   1.997014453130  -0.231467798418   0.036391275662  -2.533548883040  -0.311100105278  -0.805987132978   0.040279091895   0.311100105278  -0.805987132978  -0.040279091895   0.000000000000
-13.888889000000   0.600000000000  -2.777778000000  10.000000000000  -0.716573346584   0.026639276470   0.037191073767   0.063830350236   0.037608374397   0.064247650867   0.000969640219 -11.226216743752   0.355640976752   0.026932007999   0.016263114965  -0.718723029327  -0.421235332116  -0.325022886993   0.014077095695   0.421235332116  -0.325022886993  -0.014077095695   0.000000000000
-13.888889000000   0.600000000000   2.777778000000  10.000000000000   1.119844219718   0.028618394200   0.043241798352   0.071860192552   0.042430964098   0.071049358299  -0.015170469648  15.583651809768   0.771515347830   0.019044172321   0.002522374386   1.122085586748  -0.526780113320   0.182140705806  -0.005706275406   0.526780113320   0.182140705806   0.005706275406   0.000000000000
-13.888889000000   0.600000000000   8.333333000000  10.000000000000   2.936845847115   0.040653837813   0.125816204721   0.166470042534   0.128584783244   0.169238621057  -0.044950828670  17.641888008214   2.290571925007  -0.255069745473  -0.003677168921   2.930822800025  -0.625257628693   0.694895664938  -0.018092928148   0.625257628693   0.694895664938   0.018092928148   0.000000000000
-13.888889000000   0.600000000000  13.888889000000  10.000000000000   4.707371596518   0.061780665360   0.281865918026   0.343646583385   0.296988654709   0.358769320069  -0.087017334118  13.698293025767   2.850773124930  -0.785833596284  -0.001984357795   4.654833397630  -0.720285264119   1.181930857042  -0.022855820473   0.720285264119   1.181930857042   0.022855820473   0.000000000000
-13.888889000000   0.600000000000  19.444444000000  10.000000000000   6.395465719643   0.089965441780   0.503959636387   0.593925078168   0.548000352239   0.637965794020  -0.138414799978  10.768135501827   3.044601160212  -1.553997462075   0.008197679654   6.233691692117  -0.805625903372   1.635498066720  -0.019203985267   0.805625903372   1.635498066720   0.019203985267   0.000000000000
-13.888889000000   0.600000000000  25.000000000000  10.000000000000   7.975803184433   0.122615913708   0.782033950380   0.904649864088   0.876377282169   0.998993195877  -0.196084292912   8.816453194823   3.108751844901  -2.532141855648   0.026800580200   7.619567980870  -0.883483268168   2.035963581087  -0.007199056372   0.883483268168   2.035963581087   0.007199056372   0.000000000000
 -8.333333000000   0.600000000000 -25.000000000000  10.000000000000  -8.008955792569   0.117830155487   0.782901247860   0.900731403347   0.901643063647   1.019473219134  -0.025233849501  -8.891613818288   3.148286229617  -2.573695762899   0.105577250420  -7.636770931466  -0.149740490109  -1.986100089308   0.127495539661   0.149740490109  -1.986100089308  -0.127495539661   0.000000000000
 -8.333333000000   0.600000000000 -19.444444000000  10.000000000000  -6.350854668694   0.084451894752   0.497829772169   0.582281666921   0.558370047887   0.642821942639  -0.006254959830 -10.906842906925   3.062308598287  -1.570024441418   0.078202243567  -6.180724370935  -0.233839756429  -1.660715142685   0.095561063454   0.233839756429  -1.660715142685  -0.095561063454   0.000000000000
 -8.333333000000   0.600000000000 -13.888889000000  10.000000000000  -4.584125447779   0.056604453886   0.272777729448   0.329382183334   0.297977515961   0.354581969847   0.005926199165 -13.917344895164   2.820529231474  -0.784830312829   0.053601598574  -4.528123464770  -0.313612711006  -1.261884036363   0.065457479289   0.313612711006  -1.261884036363  -0.065457479289   0.000000000000
 -8.333333000000   0.600000000000  -8.333333000000  10.000000000000  -2.733150558954   0.036870461170   0.117783044068   0.154653505238   0.125096517983   0.161966979154   0.009557272542 -17.672735931491   2.135428651452  -0.246086133912   0.031870582585  -2.726269778785  -0.388716420009  -0.804737698352   0.037704175274   0.388716420009  -0.804737698352  -0.037704175274   0.000000000000
 -8.333333000000   0.600000000000  -2.777778000000  10.000000000000  -0.832333206247   0.027168379668   0.040338119957   0.067506499624   0.040733060353   0.067901440021   0.003518703066 -12.329675081346   0.453697696743   0.025869036758   0.013265393448  -0.834567491134  -0.458084693130  -0.305541403310   0.013015183386   0.458084693130  -0.305541403310  -0.013015183386   0.000000000000
 -8.333333000000   0.600000000000   2.777778000000  10.000000000000   1.082315453391   0.028434416136   0.044140913124   0.072575329260   0.043721421037   0.072155837173  -0.012302565507  14.912994049530   0.713569740549   0.021054031252  -0.001654193592   1.084610189698  -0.522309731119   0.219189243109  -0.007789049436   0.522309731119   0.219189243109   0.007789049436   0.000000000000
 -8.333333000000   0.600000000000   8.333333000000  10.000000000000   2.976654629848   0.040565624177   0.128830960414   0.169396584590   0.134442074737   0.175007698914  -0.036352043216  17.572105347037   2.312437307858  -0.260360763025  -0.011417264247   2.970281363519  -0.580598188646   0.747820005183  -0.023711946203   0.580598188646   0.747820005183   0.023711946203   0.000000000000
 -8.333333000000   0.600000000000  13.888889000000  10.000000000000   4.818812650300   0.062474428500   0.290642834306   0.353117262807   0.313642911805   0.376117340306  -0.067514635457  13.646494119258   2.907226411098  -0.808033998279  -0.015623852172   4.764141301311  -0.633775674819   1.254506612595  -0.034330279403   0.633775674819   1.254506612595   0.034330279403   0.000000000000
 -8.333333000000   0.600000000000  19.444444000000  10.000000000000   6.580869629106   0.092221274315   0.522643239016   0.614864513331   0.578435206911   0.670656481226  -0.104170162722  10.702958922534   3.113901474284  -1.602813022114  -0.013956842983   6.413076523052  -0.679796785965   1.722593061856  -0.039025572920   0.679796785965   1.722593061856   0.039025572920   0.000000000000
 -8.333333000000   0.600000000000  25.000000000000  10.000000000000   8.229501185167   0.126971180214   0.813827332642   0.940798512856   0.922980790082   1.049951970296  -0.144019490396   8.747357773968   3.182497881468  -2.615369712613  -0.006147208401   7.860682965890  -0.718289600182   2.136677784952  -0.037392355846   0.718289600182   2.136677784952   0.037392355846   0.000000000000
 -2.777778000000   0.600000000000 -25.000000000000  10.000000000000  -8.243095392412   0.124404319788   0.813918282406   0.938322602195   0.940800245664   1.065204565452   0.029561885425  -8.784926818487   3.201446104225  -2.635571200693   0.075000498941  -7.866262405393  -0.344792936827  -1.998557369121   0.099711477651   0.344792936827  -1.998557369121  -0.099711477651   0.000000000000
 -2.777778000000   0.600000000000 -19.444444000000  10.000000000000  -6.557842930618   0.089340917219   0.519568124811   0.608909042030   0.587579775595   0.676920692814   0.029235384862 -10.769823533503   3.122391234337  -1.610888856123   0.058710216191  -6.385806059973  -0.388760663520  -1.665751184644   0.078502123501   0.388760663520  -1.665751184644  -0.078502123501   0.000000000000
 -2.777778000000   0.600000000000 -13.888889000000  10.000000000000  -4.757982237358   0.059806543785   0.286289630592   0.346096174377   0.317708905114   0.377515448899   0.025543907286 -13.747572465743   2.891788692502  -0.807724190919   0.042286538458  -4.701555434556  -0.428071147493  -1.257831392470   0.056385964432   0.428071147493  -1.257831392470  -0.056385964432   0.000000000000
 -2.777778000000   0.600000000000  -8.333333000000  10.000000000000  -2.874797793799   0.038607263728   0.124900847286   0.163508111014   0.135789305303   0.174396569031   0.017953023011 -17.581988905482   2.234565173224  -0.255918991586   0.025855920914  -2.867988233891  -0.461756017065  -0.789957997488   0.033839825979   0.461756017065  -0.789957997488  -0.033839825979   0.000000000000
 -2.777778000000   0.600000000000  -2.777778000000  10.000000000000  -0.937327205428   0.027687264301   0.042762588309   0.070449852611   0.044129824543   0.071817088845   0.006357981568 -13.304885257950   0.551340730245   0.024551523839   0.009764678669  -0.939621077576  -0.488678444623  -0.279801385405   0.011500788127   0.488678444623  -0.279801385405  -0.011500788127   0.000000000000
 -2.777778000000   0.600000000000   2.777778000000  10.000000000000   1.023614095875   0.028121027919   0.044070619929   0.072191647848   0.045021432553   0.073142460472  -0.009121075463  14.179120804056   0.641657510045   0.022856830590  -0.005611779054   1.025927248172  -0.509067910696   0.252093954274  -0.009651491424   0.509067910696   0.252093954274   0.009651491424   0.000000000000
 -2.777778000000   0.600000000000   8.333333000000  10.000000000000   2.956874059498   0.039874605636   0.128655398115   0.168530003751   0.139366568224   0.179241173860  -0.027005574128  17.545089857528   2.293539083904  -0.260695629354  -0.018806477369   2.950240663433  -0.525958984153   0.786334475039  -0.029012920717   0.525958984153   0.786334475039   0.029012920717   0.000000000000
 -2.777778000000   0.600000000000  13.888889000000  10.000000000000   4.838394655458   0.061851092049   0.292508611770   0.354359703820   0.323404281922   0.385255373971  -0.046543423393  13.653907606604   2.920626159086  -0.815622484007  -0.029315619896   4.782436668679  -0.536974520317   1.301364484410  -0.045789869810   0.536974520317   1.301364484410   0.045789869810   0.000000000000
 -2.777778000000   0.600000000000  19.444444000000  10.000000000000   6.637806381019   0.092076561742   0.528345050463   0.620421612205   0.595059518884   0.687136080626  -0.067101891227  10.698863886173   3.139640797709  -1.622262460577  -0.036955937838   6.466590907136  -0.542180714906   1.777985446924  -0.059534689855   0.542180714906   1.777985446924   0.059534689855   0.000000000000
 -2.777778000000   0.600000000000  25.000000000000  10.000000000000   8.323295652863   0.127706421775   0.825553462998   0.953259884773   0.948193593657   1.075900015432  -0.087337096641   8.731402407484   3.212898804421  -2.650809008892  -0.041037231514   7.947648095213  -0.540152699409   2.198368332646  -0.069280564167   0.540152699409   2.198368332646   0.069280564167   0.000000000000
  2.777778000000   0.600000000000 -25.000000000000  10.000000000000  -8.319854157310   0.127610274744   0.824855181006   0.952465455749   0.947778641966   1.075388916710   0.087050956400  -8.735071815034   3.212920018590  -2.650086289047   0.040789927408  -7.944187834810  -0.538872364742  -1.970418205835   0.069261171422   0.538872364742  -1.970418205835  -0.069261171422   0.000000000000
  2.777778000000   0.600000000000 -19.444444000000  10.000000000000  -6.635458824164   0.092022183190   0.528016408281   0.620038591471   0.594881465543   0.686903648733   0.066935467237 -10.701686823113   3.139358531521  -1.621849332031   0.036808271492  -6.464247203983  -0.541619942612  -1.638681358209   0.059562426435   0.541619942612  -1.638681358209  -0.059562426435   0.000000000000
  2.777778000000   0.600000000000 -13.888889000000  10.000000000000  -4.835551407144   0.061804654289   0.292188574750   0.353993229038   0.322945515460   0.384750169748   0.046546075785 -13.660011012867   2.920214649967  -0.815295208648   0.029336029413  -4.779588713963  -0.536577443584  -1.232696731361   0.045852204890   0.536577443584  -1.232696731361  -0.045852204890   0.000000000000
  2.777778000000   0.600000000000  -8.333333000000  10.000000000000  -2.954920004978   0.039857889828   0.128547316068   0.168405205896   0.139258463281   0.179116353109   0.027008322356 -17.546488478525   2.292206105761  -0.260535627937   0.018815270370  -2.948289193897  -0.526131543979  -0.764380818244   0.029067109063   0.526131543979  -0.764380818244  -0.029067109063   0.000000000000
  2.777778000000   0.600000000000  -2.777778000000  10.000000000000  -1.021553342225   0.028112123898   0.044038738665   0.072150862563   0.044989499602   0.073101623500   0.009128036538 -14.158574214408   0.639437779471   0.022916347078   0.005620708502  -1.023866958010  -0.508293437781  -0.254778470374   0.009679387874   0.508293437781  -0.254778470374  -0.009679387874   0.000000000000
  2.777778000000   0.600000000000   2.777778000000  10.000000000000   0.936965785095   0.027684285204   0.042772059614   0.070456344818   0.044137579737   0.071821864941  -0.006358981328  13.298529571912   0.550864869403   0.024575467695  -0.009765991882   0.939260393819  -0.488043713991   0.278194009519  -0.011497687428   0.488043713991   0.278194009519   0.011497687428   0.000000000000
  2.777778000000   0.600000000000   8.333333000000  10.000000000000   2.874926895508   0.038608073765   0.124913665076   0.163521738841   0.135815596055   0.174423669820  -0.017952641551  17.581313138414   2.234579633509  -0.255924216148  -0.025856200339   2.868117947962  -0.462101581811   0.813164747649  -0.033839512362   0.462101581811   0.813164747649   0.033839512362   0.000000000000
  2.777778000000   0.600000000000  13.888889000000  10.000000000000   4.758657147979   0.059817806071   0.286385178639   0.346202984711   0.317854202372   0.377672008443  -0.025546472285  13.745280538109   2.891716713995  -0.807782751303  -0.042294276725   4.702236191615  -0.429262205890   1.328559169992  -0.056413108929   0.429262205890   1.328559169992   0.056413108929   0.000000000000
  2.777778000000   0.600000000000  19.444444000000  10.000000000000   6.558878661387   0.089363591895   0.519776061622   0.609139653517   0.587884489021   0.677248080916  -0.029243450542  10.767446551084   3.122195133229  -1.611016808923  -0.058729448376   6.386859266098  -0.390905678960   1.805976391657  -0.078593999411   0.390905678960   1.805976391657   0.078593999411   0.000000000000
  2.777778000000   0.600000000000  25.000000000000  10.000000000000   8.244487604527   0.124442790305   0.814347237780   0.938790028086   0.941432529644   1.065875319949  -0.029649757467   8.782035767188   3.200933061305  -2.635740300497  -0.075110920306   7.867719688966  -0.348107492518   2.226900726918  -0.099974930990   0.348107492518   2.226900726918   0.099974930990   0.000000000000
  8.333333000000   0.600000000000 -25.000000000000  10.000000000000  -8.224902784800   0.126854282157   0.812894993403   0.939749275560   0.921836951546   1.048691233703   0.143903588934  -8.752231045778   3.182491618441  -2.614382460282   0.006184598574  -7.856069555785  -0.719706286426  -1.913477804135   0.037648204828   0.719706286426  -1.913477804135  -0.037648204828   0.000000000000
  8.333333000000   0.600000000000 -19.444444000000  10.000000000000  -6.576335012596   0.092131939328   0.521998559006   0.614130498334   0.577738967074   0.669870906403   0.104126419516 -10.708367407956   3.113328259857  -1.601994301918   0.014019943787  -6.408556660896  -0.681343241330  -1.586885242382   0.039286813713   0.681343241330  -1.586885242382  -0.039286813713   0.000000000000
  8.333333000000   0.600000000000 -13.888889000000  10.000000000000  -4.815113342029   0.062423346620   0.290278594354   0.352701940974   0.313261055615   0.375684402236   0.067499002367 -13.652074975050   2.906182613728  -0.807547138754   0.015668577505  -4.760450964504  -0.634954668576  -1.186483480537   0.034509946166   0.634954668576  -1.186483480537  -0.034509946166   0.000000000000
  8.333333000000   0.600000000000  -8.333333000000  10.000000000000  -2.972757659968   0.040528462766   0.128586851522   0.169115314287   0.134177740238   0.174706203003   0.036321856308 -17.578287764743   2.310222439317  -0.260075658960   0.011428161089  -2.966384570554  -0.580722604863  -0.726401712726   0.023803714099   0.580722604863  -0.726401712726  -0.023803714099   0.000000000000
  8.333333000000   0.600000000000  -2.777778000000  10.000000000000  -1.079756614031   0.028421035429   0.044098897235   0.072519932664   0.043680147137   0.072101182567   0.012301126242 -14.889101166605   0.710742155464   0.021123083057   0.001660798255  -1.082051690537  -0.521100116861  -0.222579303425   0.007821209773   0.521100116861  -0.222579303425  -0.007821209773   0.000000000000
  8.333333000000   0.600000000000   2.777778000000  10.000000000000   0.831284750153   0.027165137115   0.040356639552   0.067521776667   0.040746075185   0.067911212299  -0.003527159060  12.311357775041   0.452453015509   0.025933721316  -0.013275974290   0.833520940120  -0.457533965306   0.303807803484  -0.013019667752   0.457533965306   0.303807803484   0.013019667752   0.000000000000
  8.333333000000   0.600000000000   8.333333000000  10.000000000000   2.731020057090   0.036851144843   0.117662787866   0.154513932709   0.124956288109   0.161807432952  -0.009591206020  17.674911311900   2.134026726475  -0.245918863218  -0.031883929276   2.724141043821  -0.388865457928   0.828704962834  -0.037736774777   0.388865457928   0.828704962834   0.037736774777   0.000000000000
  8.333333000000   0.600000000000  13.888889000000  10.000000000000   4.582228507489   0.056571860073   0.272515212089   0.329087072162   0.297659898490   0.354231758564  -0.005971678071  13.924061122742   2.820722645320  -0.784664828536  -0.053603826289   4.526210312558  -0.314065490401   1.333634458576  -0.065489458931   0.314065490401   1.333634458576   0.065489458931   0.000000000000
  8.333333000000   0.600000000000  19.444444000000  10.000000000000   6.348852286275   0.084404229940   0.497460855113   0.581865085053   0.557944385053   0.642348614994   0.006172889503  10.911210260524   3.062568905641  -1.569757753600  -0.078223071384   6.178695022481  -0.234469035283   1.800831959892  -0.095593497330   0.234469035283   1.800831959892   0.095593497330   0.000000000000
  8.333333000000   0.600000000000  25.000000000000  10.000000000000   8.007281418007   0.117779711885   0.782521827880   0.900301539765   0.901011352600   1.018791064485   0.025164731091   8.893999470551   3.148472560175  -2.573382695828  -0.105583338126   7.635069449120  -0.151753546362   2.213044872482  -0.127603248943   0.151753546362   2.213044872482   0.127603248943   0.000000000000
 13.888889000000   0.600000000000 -25.000000000000  10.000000000000  -7.968216916717   0.122430390638   0.780504898151   0.902935288789   0.874482015898   0.996912406535   0.195748720245  -8.824792890095   3.108732769589  -2.530517264868  -0.026714775444  -7.611955019707  -0.885137407989  -1.822604679437   0.007526573177   0.885137407989  -1.822604679437  -0.007526573177   0.000000000000
 13.888889000000   0.600000000000 -19.444444000000  10.000000000000  -6.388731172177   0.089827725251   0.502907840163   0.592735565414   0.546787416711   0.636615141962   0.138165473680 -10.778383388745   3.044289591133  -1.552900889655  -0.008154186016  -6.226936925578  -0.806727630645  -1.505961050608   0.019439534839   0.806727630645  -1.505961050608  -0.019439534839   0.000000000000
 13.888889000000   0.600000000000 -13.888889000000  10.000000000000  -4.701495931762   0.061690382371   0.281228420975   0.342918803346   0.296312937695   0.358003320066   0.086853875946 -13.710230777343   2.849696119356  -0.785147138249   0.002000374811  -4.648950512495  -0.720880970789  -1.117613773541   0.023018709643   0.720880970789  -1.117613773541  -0.023018709643   0.000000000000
 13.888889000000   0.600000000000  -8.333333000000  10.000000000000  -2.932636629496   0.040612284684   0.125543543787   0.166155828471   0.128287659029   0.168899943713   0.044876503761 -17.649917288369   2.288329980267  -0.254779155140   0.003680440924  -2.926611230937  -0.625300349288  -0.674374453010   0.018187825046   0.625300349288  -0.674374453010  -0.018187825046   0.000000000000
 13.888889000000   0.600000000000  -2.777778000000  10.000000000000  -1.117015676744   0.028602431336   0.043181557780   0.071783989116   0.042363522107   0.070965953443   0.015160841485 -15.560791347721   0.768437709552   0.019105053265  -0.002513429194  -1.119256670256  -0.525520073975  -0.185890534704   0.005747043562   0.525520073975  -0.185890534704  -0.005747043562   0.000000000000
 13.888889000000   0.600000000000   2.777778000000  10.000000000000   0.715495604328   0.026636207313   0.037205949805   0.063842157118   0.037622633460   0.064258840772  -0.000975497855  11.207259225396   0.354506423297   0.026994281759  -0.016271635464   0.717647040728  -0.420679666587   0.322981427836  -0.014072521562   0.420679666587   0.322981427836   0.014072521562   0.000000000000
 13.888889000000   0.600000000000   8.333333000000  10.000000000000   2.536779778020   0.034827910755   0.107820758662   0.142648669417   0.114090084173   0.148917994928  -0.002240705961  17.783410026791   1.994414992825  -0.231176418943  -0.036416551657   2.529987471098  -0.311597716829   0.829252310118  -0.040335651902   0.311597716829   0.829252310118   0.040335651902   0.000000000000
 13.888889000000   0.600000000000  13.888889000000  10.000000000000   4.311812042238   0.052362498712   0.251860698347   0.304223197059   0.274440841475   0.326803340186   0.011028365256  14.173186278777   2.701749236698  -0.745742492260  -0.062319743823   4.257273875477  -0.198481639609   1.317587971604  -0.072272744422   0.198481639609   1.317587971604   0.072272744422   0.000000000000
 13.888889000000   0.600000000000  19.444444000000  10.000000000000   6.014178631130   0.077619324637   0.462912287667   0.540531612304   0.517169692027   0.594789016664   0.037506995198  11.126414245212   2.958348063774  -1.498786294111  -0.093338691406   5.848833502417  -0.079264146169   1.766837628628  -0.108799539157   0.079264146169   1.766837628628   0.108799539157   0.000000000000
 13.888889000000   0.600000000000  25.000000000000  10.000000000000   7.609353353407   0.108062994243   0.730920619505   0.838983613747   0.842682583839   0.950745578082   0.073630769272   9.069728214859   3.051123213531  -2.461687051994  -0.129911423042   7.248088943407   0.041124490843   2.161069906824  -0.149756674774  -0.041124490843   2.161069906824   0.149756674774   0.000000000000
 19.444444000000   0.600000000000 -25.000000000000  10.000000000000  -7.555220002572   0.114621359286   0.729286790980   0.843908150266   0.815325369507   0.929946728792   0.238314455246  -8.952656755589   2.990313836813  -2.399856069693  -0.056208726060  -7.217191659974  -1.023728613723  -1.704763408043  -0.020561407828   1.023728613723  -1.704763408043   0.020561407828   0.000000000000
 19.444444000000   0.600000000000 -19.444444000000  10.000000000000  -6.071514108156   0.085124921897   0.471309246729   0.556434168626   0.510611428420   0.595736350317   0.166095671750 -10.911468868190   2.928855513999  -1.474252687749  -0.028610505553  -5.918297962537  -0.909406573686  -1.407575371082   0.000655978968   0.909406573686  -1.407575371082  -0.000655978968   0.000000000000
 19.444444000000   0.600000000000 -13.888889000000  10.000000000000  -4.491305346517   0.059528152381   0.265165494417   0.324693646798   0.278432471057   0.337960623438   0.102774527274 -13.832439873130   2.746560022468  -0.747656358761  -0.011175386406  -4.441699828143  -0.789070968980  -1.033703396203   0.011754521302   0.789070968980  -1.033703396203  -0.011754521302   0.000000000000
 19.444444000000   0.600000000000  -8.333333000000  10.000000000000  -2.833043792394   0.040069929870   0.119566774900   0.159636704770   0.121522719704   0.161592649574   0.052043353994 -17.746819545516   2.222754725955  -0.244513946649  -0.004066844479  -2.827459267345  -0.657273771131  -0.610821115962   0.012476554550   0.657273771131  -0.610821115962  -0.012476554550   0.000000000000
 19.444444000000   0.600000000000  -2.777778000000  10.000000000000  -1.129623158009   0.028634047171   0.041347110077   0.069981157248   0.040423058732   0.069057105903   0.017613874043 -16.141818775578   0.806127571859   0.017024635948  -0.006686953494  -1.131778042048  -0.521886633878  -0.145934260126   0.003611518123   0.521886633878  -0.145934260126  -0.003611518123   0.000000000000
 19.444444000000   0.600000000000   2.777778000000  10.000000000000   0.594024188954   0.026136210924   0.033442535405   0.059578746329   0.034005354222   0.060141565146   0.001111320959   9.970404306198   0.261839173133   0.027696332687  -0.018785392329   0.596066792651  -0.378934027892   0.334367924302  -0.014643332676   0.378934027892   0.334367924302   0.014643332676   0.000000000000
 19.444444000000   0.600000000000   8.333333000000  10.000000000000   2.305903704809   0.032755708396   0.096209386559   0.128965094955   0.102189533819   0.134945242215   0.003807121456  17.880060535879   1.822753215916  -0.212619379262  -0.039341555410   2.299365918535  -0.232044125731   0.812520359416  -0.041406266723   0.232044125731   0.812520359416   0.041406266723   0.000000000000
 19.444444000000   0.600000000000  13.888889000000  10.000000000000   3.974827453067   0.047783727076   0.226796581300   0.274580308375   0.247512771842   0.295296498918   0.025097594899  14.476010594438   2.543811311876  -0.694656697802  -0.067739629357   3.922772097827  -0.082909292441   1.274033966601  -0.075966853850   0.082909292441   1.274033966601   0.075966853850   0.000000000000
 19.444444000000   0.600000000000  19.444444000000  10.000000000000   5.571122553440   0.069688373487   0.418686010353   0.488374383840   0.471216180570   0.540904554057   0.062658043580  11.407483147744   2.809637360894  -1.400663264820  -0.103491935069   5.413619298827   0.068718258109   1.700404447881  -0.117442452892  -0.068718258109   1.700404447881   0.117442452892   0.000000000000
 19.444444000000   0.600000000000  25.000000000000  10.000000000000   7.075906625363   0.096422512088   0.664095714146   0.760518226234   0.769211026454   0.865633538542   0.112845069027   9.304059233928   2.910531347382  -2.306410388339  -0.146762034905   6.731902300135   0.219969466466   2.072793466405  -0.165567365054  -0.219969466466   2.072793466405   0.165567365054   0.000000000000
 25.000000000000   0.600000000000 -25.000000000000  10.000000000000  -6.998475806898   0.104022621176   0.661797178184   0.765819799360   0.746397907892   0.850420529068   0.267772219569  -9.138541224380   2.827470367694  -2.226081331114  -0.080965384665  -6.683924899351  -1.128129818243  -1.570936791738  -0.045189615986   1.128129818243  -1.570936791738   0.045189615986   0.000000000000
 25.000000000000   0.600000000000 -19.444444000000  10.000000000000  -5.645658067286   0.078624499079   0.429989056386   0.508613555465   0.468225058048   0.546849557127   0.186082164668 -11.100093590939   2.770504966967  -1.370572481194  -0.046301661841  -5.503285978707  -0.987080838734  -1.283842273282  -0.016147203044   0.987080838734  -1.283842273282   0.016147203044   0.000000000000
 25.000000000000   0.600000000000 -13.888889000000  10.000000000000  -4.200892075597   0.056257089885   0.243813767472   0.300070857357   0.255932939753   0.312190029638   0.114291714277 -13.999666987295   2.600021568502  -0.697486321497  -0.023231953493  -4.154945541624  -0.836072993937  -0.932955350970   0.001097621510   0.836072993937  -0.932955350970  -0.001097621510   0.000000000000
 25.000000000000   0.600000000000  -8.333333000000  10.000000000000  -2.680238375056   0.038993410439   0.111202619111   0.150196029550   0.113136461904   0.152129872343   0.057520178422 -17.844934936639   2.114492315147  -0.229712915174  -0.011344599313  -2.675191290732  -0.677509388855  -0.536859477157   0.007053712519   0.677509388855  -0.536859477157  -0.007053712519   0.000000000000
 25.000000000000   0.600000000000  -2.777778000000  10.000000000000  -1.115992151252   0.028499952120   0.038648407924   0.067148360044   0.037727565823   0.066227517943   0.019453533039 -16.619797572438   0.819982514096   0.014913695204  -0.010747234721  -1.118028578571  -0.509396243998  -0.105933365729   0.001532163699   0.509396243998  -0.105933365729  -0.001532163699   0.000000000000
 25.000000000000   0.600000000000   2.777778000000  10.000000000000   0.468157431347   0.025690013545   0.029219371523   0.054909385068   0.030017250555   0.055707264100   0.002598797815   8.526000259668   0.176463538817   0.028115314647  -0.020850398174   0.470072297442  -0.334274430522   0.338593031078  -0.014744659360   0.334274430522   0.338593031078   0.014744659360   0.000000000000
 25.000000000000   0.600000000000   8.333333000000  10.000000000000   2.042845119556   0.030761136441   0.083299221976   0.114060358417   0.089744353573   0.120505490013   0.008109069075  17.910211294368   1.617535690544  -0.190400139683  -0.040854677959   2.036754866682  -0.155286229911   0.781538388040  -0.041052735121   0.155286229911   0.781538388040   0.041052735121   0.000000000000
 25.000000000000   0.600000000000  13.888889000000  10.000000000000   3.576893347544   0.043106501571   0.198133695797   0.241240197368   0.218769411765   0.261875913336   0.035159931326  14.827103387281   2.344660829310  -0.631926384113  -0.070086793321   3.528364487942   0.025659461118   1.208046009611  -0.076570949365  -0.025659461118   1.208046009611   0.076570949365   0.000000000000
 25.000000000000   0.600000000000  19.444444000000  10.000000000000   5.047150535014   0.061452693512   0.368419496444   0.429872189956   0.418669160918   0.480121854430   0.081105370064  11.741049207034   2.619816587105  -1.280462088083  -0.108165409231   4.900389146698   0.206286431432   1.601318990103  -0.120666984651  -0.206286431432   1.601318990103   0.120666984651   0.000000000000
 25.000000000000   0.600000000000  25.000000000000  10.000000000000   6.426543741760   0.083862000649   0.585632315829   0.669494316478   0.687830215960   0.771692216609   0.141542123348   9.599101267313   2.727255099395  -2.111842482682  -0.154659795691   6.106138137413   0.386078319664   1.947546777482  -0.172518175583  -0.386078319664   1.947546777482   0.172518175583   0.000000000000
