      Beta             Mach             AoA             Re/1e6             CL              CDo              CDi             CDtot             CDt            CDtot_t             CS              L/D               E               CFx              CFy              CFz              CMx              CMy              CMz              CMl              CMm              CMn              FOpt 
-25.000000000000   0.600000000000 -25.000000000000  10.000000000000  -1.197430256040   0.032841019497   0.144017981567   0.176859001064   0.151197422502   0.184038441999   0.780785339257  -6.770536126736   0.358418987348  -0.659843140762   0.782375676575  -1.013528194294  -0.112383819691   4.052902566036   0.492992864384   0.112383819691   4.052902566036  -0.492992864384   0.000000000000
-25.000000000000   0.600000000000 -19.444444000000  10.000000000000  -0.800580511670   0.028071230164   0.115935975077   0.144007205242   0.115448151686   0.143519381850   0.848230439956  -5.559308718790   0.196763041487  -0.481468294308   0.829617927691  -0.679032021133  -0.128802281271   2.497974104971   0.522478690862   0.128802281271   2.497974104971  -0.522478690862   0.000000000000
-25.000000000000   0.600000000000 -13.888889000000  10.000000000000  -0.386901966174   0.024636602029   0.102489265395   0.127125867425   0.102390855736   0.127027457766   0.904686449996  -3.043455860024   0.052057782603  -0.352183890857   0.873650087571  -0.311470258471  -0.144011307725   0.797646462513   0.551611252629   0.144011307725   0.797646462513  -0.551611252629   0.000000000000
-25.000000000000   0.600000000000  -8.333333000000  10.000000000000   0.039642824523   0.022873598312   0.104482223611   0.127355821923   0.110684353353   0.133557951665   0.949278322727   0.311276107558   0.000545541883  -0.276996129234   0.914161232036   0.080639811162  -0.157656926533  -1.010108165227   0.580032698389   0.157656926533  -1.010108165227  -0.580032698389   0.000000000000
-25.000000000000   0.600000000000  -2.777778000000  10.000000000000   0.469683150771   0.023001030453   0.122764795194   0.145765825648   0.138701628884   0.161702659338   0.980530885548   3.222176039437   0.066907062943  -0.259187912806   0.950266076858   0.482811313647  -0.170239783932  -2.859038513502   0.607291914421   0.170239783932  -2.859038513502  -0.607291914421   0.000000000000
-25.000000000000   0.600000000000   2.777778000000  10.000000000000   0.896405460863   0.025007386464   0.157062512804   0.182069899268   0.185540128735   0.210547515199   0.998411494261   4.923413834283   0.195114055723  -0.300075609564   0.981814176260   0.882900482613  -0.181108265757  -4.694120654888   0.633092495691   0.181108265757  -4.694120654888  -0.633092495691   0.000000000000
-25.000000000000   0.600000000000   8.333333000000  10.000000000000   1.313013340992   0.028727854237   0.206934985858   0.235662840095   0.250595857811   0.279323712048   1.003948468582   5.571575647912   0.323418524573  -0.398776659182   1.009481734697   1.268612367430  -0.190944370351  -6.460155577754   0.657876266082   0.190944370351  -6.460155577754  -0.657876266082   0.000000000000
-25.000000000000   0.600000000000  13.888889000000  10.000000000000   1.713013388107   0.033780427177   0.270652862728   0.304433289904   0.333586527080   0.367366954257   0.996798968775   5.626892475019   0.426134890949  -0.552296823202   1.032065735306   1.628039071114  -0.199221841937  -8.102878799178   0.680624519798   0.199221841937  -8.102878799178  -0.680624519798   0.000000000000
-25.000000000000   0.600000000000  19.444444000000  10.000000000000   2.090029028184   0.039666318758   0.346137134720   0.385803453478   0.432691709876   0.472358028634   0.977823134902   5.417341419169   0.500560120370  -0.755717782423   1.049256306389   1.949655242177  -0.205967194174  -9.570719823984   0.701128652639   0.205967194174  -9.570719823984  -0.701128652639   0.000000000000
-25.000000000000   0.600000000000  25.000000000000  10.000000000000   2.439066832441   0.045821310978   0.430855820656   0.476677131634   0.546597372701   0.592418683679   0.949280885469   5.116811087790   0.551748047385  -1.002850215798   1.061793119369   2.223575750181  -0.211401545225 -10.818909314227   0.719726259123   0.211401545225 -10.818909314227  -0.719726259123   0.000000000000
-19.444444000000   0.600000000000 -25.000000000000  10.000000000000  -1.314598927347   0.029093528991   0.130908569287   0.160002098278   0.138383211467   0.167476740459   0.611146266320  -8.216135547566   0.477505733194  -0.603217921251   0.629552895111  -1.169214292511  -0.089438812026   4.929570648922   0.397137629096   0.089438812026   4.929570648922  -0.397137629096   0.000000000000
-19.444444000000   0.600000000000 -19.444444000000  10.000000000000  -0.898693735279   0.023758442732   0.093747413134   0.117505855867   0.093164834067   0.116923276799   0.665480593017  -7.648076163115   0.303865671659  -0.403582812191   0.666641560001  -0.810575363467  -0.102442784864   3.267587737326   0.419779326454   0.102442784864   3.267587737326  -0.419779326454   0.000000000000
-19.444444000000   0.600000000000 -13.888889000000  10.000000000000  -0.464013584412   0.020095456733   0.072642246932   0.092737703665   0.070011437969   0.090106894702   0.713636024854  -5.003505220342   0.102641448805  -0.257108624900   0.703805296572  -0.414413469483  -0.115278029176   1.438707881555   0.444114061910   0.115278029176   1.438707881555  -0.444114061910   0.000000000000
-19.444444000000   0.600000000000  -8.333333000000  10.000000000000  -0.015346458299   0.018386897798   0.068284121764   0.086671019562   0.069267665669   0.087654563467   0.750406016691  -0.177065625584   0.000120132397  -0.168526533024   0.736458546828   0.009175280424  -0.126634141695  -0.509236486535   0.466855337137   0.126634141695  -0.509236486535  -0.466855337137   0.000000000000
-19.444444000000   0.600000000000  -2.777778000000  10.000000000000   0.435978260556   0.018919125320   0.081772767924   0.100691893245   0.088790991354   0.107710116674   0.776760190986   4.329824839991   0.083455100253  -0.142308074528   0.765977049655   0.443395835196  -0.136820476970  -2.500823167030   0.488950389623   0.136820476970  -2.500823167030  -0.488950389623   0.000000000000
-19.444444000000   0.600000000000   2.777778000000  10.000000000000   0.882726259954   0.021648749836   0.112951360571   0.134600110407   0.127988164904   0.149636914740   0.792200168586   6.558139196798   0.255931886579  -0.179412770195   0.791824201217   0.875059677451  -0.145693029063  -4.475525407355   0.509953019216   0.145693029063  -4.475525407355  -0.509953019216   0.000000000000
-19.444444000000   0.600000000000   8.333333000000  10.000000000000   1.319395666256   0.026379096048   0.161145712638   0.187524808686   0.185918759937   0.212297855985   0.797903815653   7.035845952851   0.410401648566  -0.279072078048   0.814820784037   1.292596937253  -0.153440889378  -6.382723319035   0.530422832260   0.153440889378  -6.382723319035  -0.530422832260   0.000000000000
-19.444444000000   0.600000000000  13.888889000000  10.000000000000   1.736297892402   0.032630691599   0.224569073010   0.257199764609   0.264337685368   0.296968376967   0.792801980231   6.750775588933   0.518197878440  -0.437542952101   0.833204216330   1.680399943136  -0.160083048846  -8.149297005468   0.548960085460   0.160083048846  -8.149297005468  -0.548960085460   0.000000000000
-19.444444000000   0.600000000000  19.444444000000  10.000000000000   2.128793669592   0.039874165700   0.300977824695   0.340851990395   0.361145515832   0.401019681532   0.778556832287   6.245507521102   0.587785714762  -0.649973931924   0.847618758382   2.028095075781  -0.165601921024  -9.729789836534   0.565929779776   0.165601921024  -9.729789836534  -0.565929779776   0.000000000000
-19.444444000000   0.600000000000  25.000000000000  10.000000000000   2.488961003201   0.047367835799   0.386835105053   0.434202940852   0.473039606974   0.520407442773   0.756611716232   5.732252753319   0.630755643578  -0.909075676140   0.858001136661   2.322355662464  -0.169582574494 -11.064122143294   0.581248897610   0.169582574494 -11.064122143294  -0.581248897610   0.000000000000
-13.888889000000   0.600000000000 -25.000000000000  10.000000000000  -1.405712981515   0.025807900562   0.121946689694   0.147754590256   0.134285602893   0.160093503455   0.439043179338  -9.513836281349   0.591248497785  -0.559597808908   0.461673876792  -1.290087920422  -0.065129156843   5.610848105411   0.291561384095   0.065129156843   5.610848105411  -0.291561384095   0.000000000000
-13.888889000000   0.600000000000 -19.444444000000  10.000000000000  -0.974968390160   0.020070954539   0.077679569070   0.097750523610   0.080776571343   0.100847525882   0.479180150908  -9.974047750931   0.429912130852  -0.343541448783   0.488634399881  -0.912659761315  -0.074698187663   3.864877054117   0.307755715673   0.074698187663   3.864877054117  -0.307755715673   0.000000000000
-13.888889000000   0.600000000000 -13.888889000000  10.000000000000  -0.523688982873   0.016181961831   0.049989388024   0.066171349855   0.049601286222   0.065783248053   0.513698005238  -7.914134803335   0.183229164875  -0.183050393162   0.514562799066  -0.494198460430  -0.083872774108   1.937077519104   0.324494378749   0.083872774108   1.937077519104  -0.324494378749   0.000000000000
-13.888889000000   0.600000000000  -8.333333000000  10.000000000000  -0.060300540336   0.014598445824   0.040648598896   0.055247044720   0.040217348158   0.054815793981   0.542551292745  -1.091470876714   0.002909719182  -0.084532786892   0.539950236480  -0.048561779626  -0.092524660310  -0.109122322662   0.342049327497   0.092524660310  -0.109122322662  -0.342049327497   0.000000000000
-13.888889000000   0.600000000000  -2.777778000000  10.000000000000   0.408083401507   0.015482281235   0.050173753101   0.065656034336   0.052131986671   0.067614267906   0.562625505123   6.215474413505   0.112134934765  -0.051455568306   0.561936111812   0.411060053005  -0.100080761912  -2.213494369472   0.358418691247   0.100080761912  -2.213494369472  -0.358418691247   0.000000000000
-13.888889000000   0.600000000000   2.777778000000  10.000000000000   0.871884573867   0.018827328378   0.078676959334   0.097504287712   0.084718992915   0.103546321293   0.574559866462   8.942012647095   0.344676754401  -0.085466440791   0.581166396970   0.868763456270  -0.106540927511  -4.304208402027   0.373991913612   0.106540927511  -4.304208402027  -0.373991913612   0.000000000000
-13.888889000000   0.600000000000   8.333333000000  10.000000000000   1.322955128657   0.024373643588   0.125378568356   0.149752211944   0.138820128738   0.163193772326   0.579067874107   8.834294408634   0.516695529243  -0.185431062941   0.598084185145   1.309910771244  -0.112141277581  -6.314373479930   0.389007632389   0.112141277581  -6.314373479930  -0.389007632389   0.000000000000
-13.888889000000   0.600000000000  13.888889000000  10.000000000000   1.754025245342   0.031642042849   0.188387564237   0.220029607086   0.213842344391   0.245484387241   0.576140188404   7.971769202202   0.618170502174  -0.347937360113   0.612111467441   1.720817901712  -0.117183934287  -8.182750874044   0.402995600682   0.117183934287  -8.182750874044  -0.402995600682   0.000000000000
-13.888889000000   0.600000000000  19.444444000000  10.000000000000   2.157797639555   0.039976653284   0.265028962988   0.305005616272   0.308193215292   0.348169868576   0.565827289883   7.074616087158   0.674887387846  -0.567188811737   0.622497710297   2.088078794902  -0.121164163511  -9.847473316342   0.415323812292   0.121164163511  -9.847473316342  -0.415323812292   0.000000000000
-13.888889000000   0.600000000000  25.000000000000  10.000000000000   2.529462648243   0.048670726054   0.352415249231   0.401085975285   0.418677886865   0.467348612920   0.550295095475   6.306534768374   0.705239755674  -0.835834272735   0.630482739400   2.401197310588  -0.124748345054 -11.263123266229   0.426820362893   0.124748345054 -11.263123266229  -0.426820362893   0.000000000000
 -8.333333000000   0.600000000000 -25.000000000000  10.000000000000  -1.469621011990   0.023403177237   0.116532234122   0.139935411359   0.134460912670   0.157864089907   0.264612147499 -10.502138077287   0.682339947620  -0.530360748208   0.282099375579  -1.374236095399  -0.039606621056   6.083515712236   0.178297192813   0.039606621056   6.083515712236  -0.178297192813   0.000000000000
 -8.333333000000   0.600000000000 -19.444444000000  10.000000000000  -1.026878625224   0.017373520917   0.067147794505   0.084521315422   0.075461772219   0.092835293135   0.289318960444 -12.149345050948   0.551556112284  -0.302521227715   0.298514057447  -0.982191065356  -0.045479479709   4.272173417729   0.188069302147   0.045479479709   4.272173417729  -0.188069302147   0.000000000000
 -8.333333000000   0.600000000000 -13.888889000000  10.000000000000  -0.565994217919   0.013390846464   0.035136694831   0.048527541295   0.037781132762   0.051171979226   0.310431620496 -11.663360698290   0.291845783070  -0.132925800094   0.314187158021  -0.550172090705  -0.050988851045   2.284359820053   0.198082048114   0.050988851045   2.284359820053  -0.198082048114   0.000000000000
 -8.333333000000   0.600000000000  -8.333333000000  10.000000000000  -0.091464419697   0.011857247813   0.022001398157   0.033858645969   0.022242663163   0.034099910976   0.327864568873  -2.701360821680   0.010923265796  -0.027124978264   0.329310052854  -0.088467215076  -0.056326942340   0.166878849531   0.208514745142   0.056326942340   0.166878849531  -0.208514745142   0.000000000000
 -8.333333000000   0.600000000000  -2.777778000000  10.000000000000   0.387482982934   0.012994992885   0.028634091407   0.041629084292   0.028344111199   0.041339104084   0.340572668205   9.307987180665   0.159450590562   0.010617669723   0.343010159520   0.387423644873  -0.060965675373  -2.009898899408   0.218669785245   0.060965675373  -2.009898899408  -0.218669785245   0.000000000000
 -8.333333000000   0.600000000000   2.777778000000  10.000000000000   0.863120545937   0.016781287835   0.055185882548   0.071967170383   0.056838782513   0.073620070347   0.348123127955  11.993253887116   0.457642346204  -0.021100077663   0.354877853844   0.863112135370  -0.064579921076  -4.180362321933   0.228250942905   0.064579921076  -4.180362321933  -0.228250942905   0.000000000000
 -8.333333000000   0.600000000000   8.333333000000  10.000000000000   1.325265481151   0.022926064564   0.100827826636   0.123753891200   0.108570374527   0.131496439091   0.350942140869  10.708879278858   0.627429060829  -0.121244440177   0.365172648041   1.321647733023  -0.067837556021  -6.267136936985   0.237400285786   0.067837556021  -6.267136936985  -0.237400285786   0.000000000000
 -8.333333000000   0.600000000000  13.888889000000  10.000000000000   1.766335160806   0.030924648810   0.163589317312   0.194513966122   0.182184069702   0.213108718512   0.349522225989   9.080762662044   0.709109265873  -0.286333309746   0.374023113949   1.748731344644  -0.071293039920  -8.205820732536   0.246128765355   0.071293039920  -8.205820732536  -0.246128765355   0.000000000000
 -8.333333000000   0.600000000000  19.444444000000  10.000000000000   2.178235388985   0.040056845151   0.240505669672   0.280562514823   0.274979585034   0.315036430185   0.343649451917   7.763814743234   0.747648893160  -0.510316465163   0.380683522402   2.129830237721  -0.073727574514  -9.930460172639   0.253868659154   0.073727574514  -9.930460172639  -0.253868659154   0.000000000000
 -8.333333000000   0.600000000000  25.000000000000  10.000000000000   2.556110692540   0.049548095108   0.328485517907   0.378033613016   0.384190040746   0.433738135855   0.334473056642   6.761596335708   0.764093698900  -0.785195696213   0.385730681746   2.454213330279  -0.075921936235 -11.393273020506   0.261018873486   0.075921936235 -11.393273020506  -0.261018873486   0.000000000000
 -2.777778000000   0.600000000000 -25.000000000000  10.000000000000  -1.500897237035   0.022099980950   0.113756504836   0.135856485786   0.135852464116   0.157952445067   0.088368274513 -11.047667163982   0.733059558573  -0.515204761201   0.094848371463  -1.415812944310  -0.013371260316   6.318059074754   0.059999362903   0.013371260316   6.318059074754  -0.059999362903   0.000000000000
 -2.777778000000   0.600000000000 -19.444444000000  10.000000000000  -1.053985543717   0.015958567498   0.061985261780   0.077943829278   0.073525070341   0.089483637839   0.096824539978 -13.522373143293   0.630093923443  -0.281876873993   0.100488115599  -1.018225576658  -0.015355568012   4.482126028627   0.063346403319   0.015355568012   4.482126028627  -0.063346403319   0.000000000000
 -2.777778000000   0.600000000000 -13.888889000000  10.000000000000  -0.587823186180   0.011927457598   0.027757790687   0.039685248285   0.032683466389   0.044610923987   0.104030618239 -14.812133263020   0.384930252312  -0.107515421318   0.105831624809  -0.578941696583  -0.017162737874   2.462200484752   0.066737297389   0.017162737874   2.462200484752  -0.066737297389   0.000000000000
 -2.777778000000   0.600000000000  -8.333333000000  10.000000000000  -0.107980780109   0.010429447311   0.012669847960   0.023099295271   0.013875854077   0.024305301388   0.109651662943  -4.674635258088   0.022315771832   0.001920821204   0.110642270040  -0.109414405027  -0.018919474906   0.310317187214   0.070046351955   0.018919474906   0.310317187214  -0.070046351955   0.000000000000
 -2.777778000000   0.600000000000  -2.777778000000  10.000000000000   0.375238850083   0.011690124822   0.017737142391   0.029427267213   0.016313733298   0.028003858120   0.113891582239  12.751399828017   0.211535558352   0.042030150732   0.115183876061   0.373640993866  -0.020326244530  -1.897301038066   0.073414016682   0.020326244530  -1.897301038066  -0.073414016682   0.000000000000
 -2.777778000000   0.600000000000   2.777778000000  10.000000000000   0.860047553466   0.015728957867   0.043520711402   0.059249669269   0.045610584699   0.061339542566   0.116265062686  14.515651548446   0.551920747736   0.011802700763   0.118999832332   0.861631950714  -0.021104258994  -4.123455120102   0.076543779639   0.021104258994  -4.123455120102  -0.076543779639   0.000000000000
 -2.777778000000   0.600000000000   8.333333000000  10.000000000000   1.326620002356   0.022177649401   0.088530383683   0.110708033083   0.097433867666   0.119611517067   0.117567730338  11.983050962130   0.702799863874  -0.088496520534   0.122794764250   1.327813572074  -0.022613375425  -6.243752169024   0.079810949974   0.022613375425  -6.243752169024  -0.079810949974   0.000000000000
 -2.777778000000   0.600000000000  13.888889000000  10.000000000000   1.771577190875   0.030527652274   0.150892443180   0.181420095454   0.169655855113   0.200183507387   0.117207402633   9.765054893428   0.764808120145  -0.254854111862   0.125861734913   1.761915087297  -0.023906334949  -8.212868987014   0.082781697596   0.023906334949  -8.212868987014  -0.082781697596   0.000000000000
 -2.777778000000   0.600000000000  19.444444000000  10.000000000000   2.188333563502   0.040086417727   0.228079827884   0.268166245611   0.261381860069   0.301468277796   0.115362305511   8.160361713376   0.789479126953  -0.481177910219   0.128222730839   2.150825918567  -0.024788689730  -9.971696155573   0.085484197527   0.024788689730  -9.971696155573  -0.085484197527   0.000000000000
 -2.777778000000   0.600000000000  25.000000000000  10.000000000000   2.571238893097   0.050046535508   0.316671998070   0.366718533578   0.369762317384   0.419808852892   0.112379728827   7.011477898351   0.797020917275  -0.759619092741   0.130019737294   2.482832018794  -0.025505571933 -11.468260399737   0.087953165457   0.025505571933 -11.468260399737  -0.087953165457   0.000000000000
  2.777778000000   0.600000000000 -25.000000000000  10.000000000000  -1.500478892050   0.022093135933   0.113671196694   0.135764332626   0.135731490342   0.157824626275  -0.088626439308 -11.052084616201   0.733148267916  -0.515122721034  -0.095101766955  -1.415389607649   0.013244349660   6.315812860862  -0.060109165131  -0.013244349660   6.315812860862   0.060109165131   0.000000000000
  2.777778000000   0.600000000000 -19.444444000000  10.000000000000  -1.053706765269   0.015955974290   0.061943543477   0.077899517767   0.073467683853   0.089423658143  -0.097085573392 -13.526486369514   0.630118874880  -0.281837734570  -0.100746694860  -1.017943753579   0.015239118160   4.480633818006  -0.063464361488  -0.015239118160   4.480633818006   0.063464361488   0.000000000000
  2.777778000000   0.600000000000 -13.888889000000  10.000000000000  -0.586975424838   0.011923037540   0.027707952684   0.039630990224   0.032618540841   0.044541578381  -0.104298145317 -14.811020908675   0.384346238492  -0.107377120636  -0.106096208069  -0.578102600291   0.017062194484   2.458219332300  -0.066872076642  -0.017062194484   2.458219332300   0.066872076642   0.000000000000
  2.777778000000   0.600000000000  -8.333333000000  10.000000000000  -0.107068168065   0.010429897178   0.012680369051   0.023110266229   0.013884156641   0.024314053820  -0.109794841936  -4.632926639767   0.021929741712   0.002057064594  -0.110785812478  -0.108512011190   0.018937625769   0.306105738979  -0.070135156421  -0.018937625769   0.306105738979   0.070135156421   0.000000000000
  2.777778000000   0.600000000000  -2.777778000000  10.000000000000   0.375318906157   0.011691340278   0.017789970128   0.029481310406   0.016358840719   0.028050180997  -0.113921358196  12.730740289069   0.211237890423   0.042086505388  -0.115216236094   0.373718409823   0.020352461734  -1.897031927028  -0.073429705473  -0.020352461734  -1.897031927028   0.073429705473   0.000000000000
  2.777778000000   0.600000000000   2.777778000000  10.000000000000   0.858727058025   0.015712986190   0.043438712435   0.059151698625   0.045520424047   0.061233410237  -0.116217897146  14.517369373867   0.551138558125   0.011771237637  -0.118947974321   0.860308375306   0.021501181516  -4.116266744992  -0.076529600023  -0.021501181516  -4.116266744992   0.076529600023   0.000000000000
  2.777778000000   0.600000000000   8.333333000000  10.000000000000   1.325860925925   0.022161709403   0.088417033306   0.110578742709   0.097312306089   0.119474015492  -0.117153026038  11.990197152239   0.702816610632  -0.088494395788  -0.122374281505   1.327046706746   0.023010103373  -6.239504538811  -0.079558001281  -0.023010103373  -6.239504538811   0.079558001281   0.000000000000
  2.777778000000   0.600000000000  13.888889000000  10.000000000000   1.769609688932   0.030480166005   0.150557799481   0.181037965486   0.169271048145   0.199751214150  -0.116540733815   9.774798806330   0.764721033999  -0.254720991122  -0.125177330496   1.759921245783   0.024605612883  -8.202466470469  -0.082344884427  -0.024605612883  -8.202466470469   0.082344884427   0.000000000000
  2.777778000000   0.600000000000  19.444444000000  10.000000000000   2.186554458270   0.040036386969   0.227670294267   0.267706681236   0.260876395465   0.300912782434  -0.114631747859   8.167724646155   0.789549036275  -0.480985117653  -0.127470760002   2.149007265161   0.025601488164  -9.962280408558  -0.084964092426  -0.025601488164  -9.962280408558   0.084964092426   0.000000000000
  2.777778000000   0.600000000000  25.000000000000  10.000000000000   2.570070549488   0.050008162993   0.316332116756   0.366340279749   0.369357800454   0.419365963447  -0.111455760032   7.015528162087   0.797118958870  -0.759427158578  -0.129078523073   2.481632394625   0.026152567787 -11.461794097379  -0.087292464866  -0.026152567787 -11.461794097379   0.087292464866   0.000000000000
  8.333333000000   0.600000000000 -25.000000000000  10.000000000000  -1.468178644601   0.023383237256   0.116301911182   0.139685148438   0.134107833005   0.157491070261  -0.265159525399 -10.510628087674   0.682221328995  -0.530047497503  -0.282604702996  -1.372790690274   0.039486789758   6.075805107892  -0.178572171346  -0.039486789758   6.075805107892   0.178572171346   0.000000000000
  8.333333000000   0.600000000000 -19.444444000000  10.000000000000  -1.025282580902   0.017354850093   0.067031930383   0.084386780476   0.075354729968   0.092709580061  -0.289724499072 -12.149800894389   0.550719508632  -0.302170861682  -0.298895815852  -0.980622173112   0.045662200240   4.263917369800  -0.188353475630  -0.045662200240   4.263917369800   0.188353475630   0.000000000000
  8.333333000000   0.600000000000 -13.888889000000  10.000000000000  -0.564803019364   0.013385476751   0.035120098704   0.048505575455   0.037767211477   0.051152688228  -0.310793817851 -11.644084500838   0.290750238335  -0.132711922693  -0.314542347615  -0.548997901525   0.051167137772   2.278273318016  -0.198338786485  -0.051167137772   2.278273318016   0.198338786485   0.000000000000
  8.333333000000   0.600000000000  -8.333333000000  10.000000000000  -0.091029275365   0.011859000712   0.022054549961   0.033913550673   0.022305902743   0.034164903455  -0.328079674907  -2.684156437751   0.010802061127  -0.027039007125  -0.329530845161  -0.088040020223   0.056540126006   0.164700799465  -0.208681540753  -0.056540126006   0.164700799465   0.208681540753   0.000000000000
  8.333333000000   0.600000000000  -2.777778000000  10.000000000000   0.387252673373   0.012992749637   0.028699988947   0.041692738585   0.028404599423   0.041397349061  -0.340418303677   9.288252259701   0.159017949009   0.010691762627  -0.342866650363   0.387189469439   0.061187582905  -2.007837788359  -0.218598477620  -0.061187582905  -2.007837788359   0.218598477620   0.000000000000
  8.333333000000   0.600000000000   2.777778000000  10.000000000000   0.861117604506   0.016755293772   0.055097024352   0.071852318124   0.056735797822   0.073491091595  -0.347781831780  11.984548682415   0.456248944824  -0.021067109865  -0.354523515446   0.861108437308   0.064981595575  -4.169060963834  -0.228045139906  -0.064981595575  -4.169060963834   0.228045139906   0.000000000000
  8.333333000000   0.600000000000   8.333333000000  10.000000000000   1.322628716152   0.022877374166   0.100528474798   0.123405848964   0.108220844696   0.131098218862  -0.350628158059  10.717714980751   0.626697370361  -0.121157994822  -0.364811537968   1.318995493407   0.068311837958  -6.252835619315  -0.237181252710  -0.068311837958  -6.252835619315   0.237181252710   0.000000000000
  8.333333000000   0.600000000000  13.888889000000  10.000000000000   1.763692037965   0.030859490025   0.163100509876   0.193959999900   0.181553928279   0.212413418304  -0.348748661673   9.093070936645   0.709007868004  -0.286122110820  -0.373177429853   1.746060840552   0.071968198535  -8.191620839292  -0.245553290618  -0.071968198535  -8.191620839292   0.245553290618   0.000000000000
  8.333333000000   0.600000000000  19.444444000000  10.000000000000   2.175735919007   0.039988729339   0.239890624752   0.279879354091   0.273961251931   0.313949981270  -0.342870150229   7.773835001428   0.747754820249  -0.510015300951  -0.379813437111   2.127285906456   0.074753589513  -9.917039836315  -0.253244609124  -0.074753589513  -9.917039836315   0.253244609124   0.000000000000
  8.333333000000   0.600000000000  25.000000000000  10.000000000000   2.553406949363   0.049466155580   0.327697919822   0.377164075402   0.383079603693   0.432545759272  -0.333232193052   6.770016329484   0.764235968005  -0.784669801978  -0.384376895943   2.451475308268   0.077483564793 -11.378855604682  -0.259967306606  -0.077483564793 -11.378855604682   0.259967306606   0.000000000000
 13.888889000000   0.600000000000 -25.000000000000  10.000000000000  -1.403833839314   0.025779824237   0.121710452997   0.147490277234   0.133871087498   0.159650911735  -0.439619021150  -9.518144962809   0.590725533171  -0.559161468715  -0.462169437101  -1.288217985184   0.065207242632   5.600872127346  -0.291891235851  -0.065207242632   5.600872127346   0.291891235851   0.000000000000
 13.888889000000   0.600000000000 -19.444444000000  10.000000000000  -0.972944036860   0.020047968722   0.077562182417   0.097610151139   0.080672109562   0.100720078284  -0.479747798103  -9.967652190993   0.428744396716  -0.343124539087  -0.489151755824  -0.910660145555   0.075065282349   3.854285229259  -0.308166935697  -0.075065282349   3.854285229259   0.308166935697   0.000000000000
 13.888889000000   0.600000000000 -13.888889000000  10.000000000000  -0.522497463469   0.016175417460   0.050013232843   0.066188650303   0.049657707199   0.065833124659  -0.514085978729  -7.894064330909   0.182348656941  -0.182838483745  -0.514943582190  -0.493023454116   0.084267164900   1.930751449616  -0.324805769763  -0.084267164900   1.930751449616   0.324805769763   0.000000000000
 13.888889000000   0.600000000000  -8.333333000000  10.000000000000  -0.060360416595   0.014596780512   0.040725353926   0.055322134439   0.040323578738   0.054920359251  -0.542601612808  -1.091071723966   0.002911543282  -0.084481291475  -0.540017109858  -0.048629837794   0.092903726748  -0.108981254469  -0.342149888284  -0.092903726748  -0.108981254469   0.342149888284   0.000000000000
 13.888889000000   0.600000000000  -2.777778000000  10.000000000000   0.406974818452   0.015473056781   0.050199346239   0.065672403020   0.052153556322   0.067626613103  -0.562458392491   6.197044721015   0.111498722015  -0.051453354891  -0.561777814180   0.409950058448   0.100518272489  -2.207714001238  -0.358360305326  -0.100518272489  -2.207714001238   0.358360305326   0.000000000000
 13.888889000000   0.600000000000   2.777778000000  10.000000000000   0.869594742938   0.018795619668   0.078548777047   0.097344396715   0.084565997891   0.103361617559  -0.574067187088   8.933177175874   0.343431854060  -0.085392380325  -0.580649741837   0.866474525012   0.107110747917  -4.291820680722  -0.373691588633  -0.107110747917  -4.291820680722   0.373691588633   0.000000000000
 13.888889000000   0.600000000000   8.333333000000  10.000000000000   1.319531404287   0.024308955164   0.124965961038   0.149274916203   0.138347203021   0.162656158186  -0.578492850109   8.839605727825   0.515668195517  -0.185256733884  -0.597411403124   1.306476047657   0.112682787800  -6.296001656948  -0.388580980450  -0.112682787800  -6.296001656948   0.388580980450   0.000000000000
 13.888889000000   0.600000000000  13.888889000000  10.000000000000   1.750733390177   0.031563743672   0.187840292801   0.219404036473   0.213186064936   0.244749808608  -0.575566586774   7.979494900461   0.617608319417  -0.347603048014  -0.611404474332   1.717509569199   0.117683400532  -8.164590007099  -0.402526425861  -0.117683400532  -8.164590007099   0.402526425861   0.000000000000
 13.888889000000   0.600000000000  19.444444000000  10.000000000000   2.155902242177   0.039925365781   0.264581461878   0.304506827659   0.307492237572   0.347417603352  -0.565407738946   7.079979975342   0.674805812512  -0.566919471614  -0.621970696635   2.086163838822   0.121959538206  -9.836572890479  -0.414947217800  -0.121959538206  -9.836572890479   0.414947217800   0.000000000000
 13.888889000000   0.600000000000  25.000000000000  10.000000000000   2.526691082082   0.048588410805   0.351562402605   0.400150813410   0.417344915636   0.465933326441  -0.549518750152   6.314346984706   0.705339673123  -0.835316829261  -0.629504615984   2.398380513539   0.125891075545 -11.247651028706  -0.426069019365  -0.125891075545 -11.247651028706   0.426069019365   0.000000000000
 19.444444000000   0.600000000000 -25.000000000000  10.000000000000  -1.311936842531   0.029044197411   0.130681478425   0.159725675836   0.138197274907   0.167241472318  -0.611992793782  -8.213687847402   0.476396808620  -0.602584510780  -0.630259121632  -1.166572371060   0.090081198911   4.915300518132  -0.397745722241  -0.090081198911   4.915300518132   0.397745722241   0.000000000000
 19.444444000000   0.600000000000 -19.444444000000  10.000000000000  -0.896849228192   0.023730559339   0.093704434306   0.117434993645   0.093243300236   0.116973859575  -0.666002528668  -7.636984516747   0.302802230594  -0.403195637482  -0.667110137390  -0.808755974655   0.103049918980   3.257639272227  -0.420212390532  -0.103049918980   3.257639272227   0.420212390532   0.000000000000
 19.444444000000   0.600000000000 -13.888889000000  10.000000000000  -0.463324651003   0.020084216534   0.072685503516   0.092769720049   0.070177981837   0.090262198371  -0.713757205638  -4.994352152369   0.102301567874  -0.256953106591  -0.703930223795  -0.413742242012   0.115677057251   1.434833008552  -0.444274861714  -0.115677057251   1.434833008552   0.444274861714   0.000000000000
 19.444444000000   0.600000000000  -8.333333000000  10.000000000000  -0.015691984945   0.018377369094   0.068349959126   0.086727328220   0.069398453675   0.087775822769  -0.750251234272  -0.180934721125   0.000125521326  -0.168473092476  -0.736331337208   0.008818238765   0.127085913476  -0.507747690710  -0.466849124098  -0.127085913476  -0.507747690710   0.466849124098   0.000000000000
 19.444444000000   0.600000000000  -2.777778000000  10.000000000000   0.434819187979   0.018902809004   0.081805299359   0.100708108363   0.088838887047   0.107741696050  -0.776338333355   4.317618462383   0.082998584167  -0.142208705317  -0.765584650686   0.442230577782   0.137340902879  -2.494493958633  -0.488758490653  -0.137340902879  -2.494493958633   0.488758490653   0.000000000000
 19.444444000000   0.600000000000   2.777778000000  10.000000000000   0.880165843198   0.021609149985   0.112802915108   0.134412065092   0.127814097672   0.149423247657  -0.791571207259   6.548265162003   0.254805318795  -0.179256667439  -0.791168513967   0.872503822699   0.146355793594  -4.461737788668  -0.509566825830  -0.146355793594  -4.461737788668   0.509566825830   0.000000000000
 19.444444000000   0.600000000000   8.333333000000  10.000000000000   1.318108866785   0.026346874244   0.160988642214   0.187335516458   0.185730504185   0.212077378429  -0.797295966761   7.036086331661   0.410015393700  -0.278861979103  -0.814184589981   1.291327181270   0.153801332716  -6.374700520086  -0.530044654511  -0.153801332716  -6.374700520086   0.530044654511   0.000000000000
 19.444444000000   0.600000000000  13.888889000000  10.000000000000   1.732179406669   0.032536355437   0.223873189422   0.256409544859   0.263454914714   0.295991270151  -0.792290879012   6.755518432919   0.517331919917  -0.437112547660  -0.832459207539   1.676263844689   0.160685682836  -8.126778466931  -0.548459941646  -0.160685682836  -8.126778466931   0.548459941646   0.000000000000
 19.444444000000   0.600000000000  19.444444000000  10.000000000000   2.124986839286   0.039774502930   0.300091267667   0.339865770597   0.359886072319   0.399660575249  -0.778102728593   6.252429703514   0.587384907677  -0.649441049413  -0.846862249265   2.024246111399   0.166052008028  -9.709017362258  -0.565418290792  -0.166052008028  -9.709017362258   0.565418290792   0.000000000000
 19.444444000000   0.600000000000  25.000000000000  10.000000000000   2.485821404057   0.047279250169   0.385955517518   0.433234767687   0.471692196559   0.518971446729  -0.756145760040   5.737816051388   0.630571394707  -0.908435660255  -0.857239458648   2.319189942403   0.170532537292 -11.046241500208  -0.580647415637  -0.170532537292 -11.046241500208   0.580647415637   0.000000000000
 25.000000000000   0.600000000000 -25.000000000000  10.000000000000  -1.195486215386   0.032790231821   0.143945300822   0.176735532643   0.151145015375   0.183935247196  -0.781507490933  -6.764266344774   0.357505719162  -0.659399570015  -0.782977988254  -1.011590023199   0.113213213787   4.041812182135  -0.493605492261  -0.113213213787   4.041812182135   0.493605492261   0.000000000000
 25.000000000000   0.600000000000 -19.444444000000  10.000000000000  -0.799475861402   0.028038884178   0.115968630095   0.144007514274   0.115630665143   0.143669549322  -0.848577107207  -5.551626006703   0.196220003173  -0.481238452003  -0.829932245523  -0.677941696728   0.129496218037   2.491420936509  -0.522857032950  -0.129496218037   2.491420936509   0.522857032950   0.000000000000
 25.000000000000   0.600000000000 -13.888889000000  10.000000000000  -0.386646820795   0.024621492597   0.102585941328   0.127207433925   0.102606624966   0.127228117563  -0.904823533710  -3.039498627267   0.051955809571  -0.352107123045  -0.873808799101  -0.311226411067   0.144532530353   0.795677266178  -0.551822276809  -0.144532530353   0.795677266178   0.551822276809   0.000000000000
 25.000000000000   0.600000000000  -8.333333000000  10.000000000000   0.039121788560   0.022851174763   0.104543874967   0.127395049730   0.110838570655   0.133689745418  -0.948836454869   0.307090335478   0.000531132127  -0.276851697108  -0.913777342144   0.080092059019   0.158214921379  -1.007307067754  -0.579881753623  -0.158214921379  -1.007307067754   0.579881753623   0.000000000000
 25.000000000000   0.600000000000  -2.777778000000  10.000000000000   0.468425269577   0.022977218400   0.122779563274   0.145756781674   0.138757301333   0.161734519733  -0.980025675725   3.213745969115   0.066553298010  -0.259043799694  -0.949804379114   0.481544960434   0.170780469067  -2.852191653407  -0.607053856300  -0.170780469067  -2.852191653407   0.607053856300   0.000000000000
 25.000000000000   0.600000000000   2.777778000000  10.000000000000   0.894268813730   0.024965684552   0.156954358598   0.181920043150   0.185434549956   0.210400234508  -0.997700345749   4.915724503178   0.194344986735  -0.299807527527  -0.981106324893   0.880774329161   0.181804723088  -4.682202165536  -0.632669521935  -0.181804723088  -4.682202165536   0.632669521935   0.000000000000
 25.000000000000   0.600000000000   8.333333000000  10.000000000000   1.311809174619   0.028693896094   0.206796283375   0.235490179469   0.250344660409   0.279038556504  -1.003262396357   5.570547262639   0.323062276086  -0.398470083287  -1.008786972563   1.267440258118   0.191350948493  -6.452376672102  -0.657455699544  -0.191350948493  -6.452376672102   0.657455699544   0.000000000000
 25.000000000000   0.600000000000  13.888889000000  10.000000000000   1.711240862591   0.033735745173   0.270379203484   0.304114948656   0.333366379200   0.367102124373  -0.996240167543   5.626954117682   0.425698615105  -0.551922171374  -1.031424752573   1.626305801425   0.199562282072  -8.092172934857  -0.680224699259  -0.199562282072  -8.092172934857   0.680224699259   0.000000000000
 25.000000000000   0.600000000000  19.444444000000  10.000000000000   2.086279160769   0.039572045451   0.345344059841   0.384916105291   0.431659398528   0.471231443979  -0.977452210296   5.420087993435   0.499915357415  -0.755080002500  -1.048545124982   1.945903717784   0.206421535744  -9.549804781366  -0.700656316389  -0.206421535744  -9.549804781366   0.700656316389   0.000000000000
 25.000000000000   0.600000000000  25.000000000000  10.000000000000   2.434778627335   0.045707120635   0.429675397908   0.475382518543   0.544931278568   0.590638399204  -0.948850145409   5.121725205200   0.551306960536  -1.001936346167  -1.060855609164   2.219270383761   0.212113280963 -10.795377286371  -0.719042792776  -0.212113280963 -10.795377286371   0.719042792776   0.000000000000
