      Beta             Mach             AoA             Re/1e6             CL              CDo              CDi             CDtot             CDt            CDtot_t             CS              L/D               E               CFx              CFy              CFz              CMx              CMy              CMz              CMl              CMm              CMn              FOpt 
-25.000000000000   0.600000000000 -25.000000000000  10.000000000000  -1.688353000877   0.026798733223   0.178320938142   0.205119671365   0.203768910411   0.230567643634   0.130347670964  -8.231063308762   0.614379784630  -0.594970837632   0.204822428178  -1.585451962615   0.072913116894  -0.307699550905   0.069981546977  -0.072913116894  -0.307699550905  -0.069981546977   0.000000000000
-25.000000000000   0.600000000000 -19.444444000000  10.000000000000  -1.338386787575   0.020716795510   0.120709197337   0.141425992847   0.134032990868   0.154749786378   0.151126694920  -9.463513464734   0.559953245628  -0.384900336397   0.196736507698  -1.283458709935   0.052912579673  -0.276857940570   0.065568664482  -0.052912579673  -0.276857940570  -0.065568664482   0.000000000000
-25.000000000000   0.600000000000 -13.888889000000  10.000000000000  -0.964225710097   0.015514738707   0.074945512247   0.090460250954   0.082255153686   0.097769892393   0.167967023822 -10.659109387068   0.454378054438  -0.220775216069   0.190459975670  -0.938674863701   0.032332043725  -0.238976670510   0.062148989030  -0.032332043725  -0.238976670510  -0.062148989030   0.000000000000
-25.000000000000   0.600000000000  -8.333333000000  10.000000000000  -0.572507892906   0.011729072527   0.043288410554   0.055017483080   0.048608961170   0.060338033697   0.179695149665 -10.405926641035   0.263378281483  -0.108778949899   0.186110506499  -0.562683372001   0.011132642957  -0.195417579389   0.059813966914  -0.011132642957  -0.195417579389  -0.059813966914   0.000000000000
-25.000000000000   0.600000000000  -2.777778000000  10.000000000000  -0.169848645851   0.009729396846   0.027269549216   0.036998946062   0.033252276508   0.042981673355   0.185405715383  -4.590634705271   0.034470893892  -0.053002011073   0.183671073884  -0.167476825993  -0.010297134567  -0.148080971795   0.058555541429   0.010297134567  -0.148080971795  -0.058555541429   0.000000000000
-25.000000000000   0.600000000000   2.777778000000  10.000000000000   0.236538665090   0.009703515186   0.027589363911   0.037292879097   0.035618993580   0.045322508767   0.184430593903   6.342730055101   0.066327876133  -0.055556267553   0.182911535161   0.234121366650  -0.031810579028  -0.099010583605   0.058314571135   0.031810579028  -0.099010583605  -0.058314571135   0.000000000000
-25.000000000000   0.600000000000   8.333333000000  10.000000000000   0.639880890063   0.011650322333   0.044362814788   0.056013137121   0.057116690364   0.068767012697   0.176626306819  11.423764547970   0.323166328958  -0.116367346409   0.183749971911   0.629663772001  -0.053077071980  -0.050544592970   0.059058229838   0.053077071980  -0.050544592970  -0.059058229838   0.000000000000
-25.000000000000   0.600000000000  13.888889000000  10.000000000000   1.032242286375   0.015367469621   0.076755050515   0.092122520136   0.094471087786   0.109838557407   0.161372062072  11.205102561794   0.511346400852  -0.232933756272   0.185185415793   1.005733496450  -0.073930765359  -0.003301165220   0.060497653571   0.073930765359  -0.003301165220  -0.060497653571   0.000000000000
-25.000000000000   0.600000000000  19.444444000000  10.000000000000   1.406813081604   0.020476133705   0.124032466568   0.144508600273   0.147086214150   0.167562347855   0.139941784106   9.735151257053   0.605475846314  -0.400587157849   0.187902302121   1.350485889925  -0.093948714272   0.040524400756   0.062776344777   0.093948714272   0.040524400756  -0.062776344777   0.000000000000
-25.000000000000   0.600000000000  25.000000000000  10.000000000000   1.754938877426   0.026360639688   0.182000085674   0.208360725362   0.220436032134   0.246796671822   0.109805220435   8.422599193664   0.653470295295  -0.612580848324   0.187574373905   1.650709665669  -0.112561115881   0.082814577979   0.064451267566   0.112561115881   0.082814577979  -0.064451267566   0.000000000000
-19.444444000000   0.600000000000 -25.000000000000  10.000000000000  -1.839644183760   0.029019817623   0.186209478123   0.215229295746   0.210078717183   0.239098534806   0.100636442199  -8.547368876467   0.695158760274  -0.623891109631   0.166544872386  -1.738897568834   0.059751410624  -0.283915207836   0.057042791296  -0.059751410624  -0.283915207836  -0.057042791296   0.000000000000
-19.444444000000   0.600000000000 -19.444444000000  10.000000000000  -1.460784384012   0.021904031140   0.121993872210   0.143897903350   0.133371537421   0.155275568561   0.118374808958 -10.151533483145   0.655594784868  -0.395491512210   0.159525827729  -1.409520554166   0.043388063871  -0.249476165070   0.053257185489  -0.043388063871  -0.249476165070  -0.053257185489   0.000000000000
-19.444444000000   0.600000000000 -13.888889000000  10.000000000000  -1.056783837231   0.015856335002   0.071074235525   0.086930570527   0.075879845071   0.091736180072   0.132646371222 -12.156642143548   0.567959693520  -0.216960327889   0.154019399092  -1.034963914032   0.026635229982  -0.206674898764   0.050302698806  -0.026635229982  -0.206674898764  -0.050302698806   0.000000000000
-19.444444000000   0.600000000000  -8.333333000000  10.000000000000  -0.633698630918   0.011465209943   0.035851571682   0.047316781625   0.038294063995   0.049759273938   0.142761476304 -13.392682451211   0.375204520053  -0.094718627877   0.150370445794  -0.626586611996   0.009350688113  -0.157487064160   0.048335088921  -0.009350688113  -0.157487064160  -0.048335088921   0.000000000000
-19.444444000000   0.600000000000  -2.777778000000  10.000000000000  -0.198780471782   0.009153420605   0.017973193560   0.027126614165   0.020756690150   0.029910110754   0.147795255830  -7.327876253776   0.064397582627  -0.033226140590   0.148395963249  -0.197402199776  -0.008155908028  -0.103996443308   0.047298301719   0.008155908028  -0.103996443308  -0.047298301719   0.000000000000
-19.444444000000   0.600000000000   2.777778000000  10.000000000000   0.240134205572   0.009140850089   0.018262617808   0.027403467898   0.021908178446   0.031049028535   0.147448015991   8.762913017735   0.093029406216  -0.034854026702   0.148160690915   0.238725596969  -0.025840776497  -0.048409212594   0.047225805853   0.025840776497  -0.048409212594  -0.047225805853   0.000000000000
-19.444444000000   0.600000000000   8.333333000000  10.000000000000   0.675460191289   0.011422574642   0.036725594236   0.048148168877   0.043155633822   0.054578208463   0.141136567045  14.028782548498   0.418926143168  -0.099460307636   0.149114976425   0.668099257409  -0.043244376273   0.007192153234   0.047944682383   0.043244376273   0.007192153234  -0.047944682383   0.000000000000
-19.444444000000   0.600000000000  13.888889000000  10.000000000000   1.099178727377   0.015775588004   0.072733862581   0.088509450585   0.083447283390   0.099222871393   0.128931366718  12.418772460059   0.603482534944  -0.224490948612   0.151041878536   1.076773541561  -0.060260730426   0.060733763708   0.049366393812   0.060260730426   0.060733763708  -0.049366393812   0.000000000000
-19.444444000000   0.600000000000  19.444444000000  10.000000000000   1.503858330802   0.021769965738   0.124360509964   0.146130475702   0.142705703800   0.164475669538   0.111022328595  10.291202595333   0.684212139231  -0.405537361682   0.153335905154   1.451653368050  -0.076672792563   0.110207906346   0.051283932145   0.076672792563   0.110207906346  -0.051283932145   0.000000000000
-19.444444000000   0.600000000000  25.000000000000  10.000000000000   1.881518417061   0.028786499518   0.189472723732   0.218259223250   0.221059295288   0.249845794806   0.088569350980   8.620567731552   0.717070842163  -0.635357819565   0.156174671809   1.779753658574  -0.091993012992   0.155111276186   0.053779598751   0.091993012992   0.155111276186  -0.053779598751   0.000000000000
-13.888889000000   0.600000000000 -25.000000000000  10.000000000000  -1.960188519635   0.030954090846   0.193097660200   0.224051751046   0.216765050105   0.247719140951   0.071312198271  -8.748820352799   0.758167321249  -0.646802432938   0.123008583024  -1.861219801777   0.044921977402  -0.264790594406   0.042130905872  -0.044921977402  -0.264790594406  -0.042130905872   0.000000000000
-13.888889000000   0.600000000000 -19.444444000000  10.000000000000  -1.557977974942   0.022925814911   0.123370182470   0.146295997382   0.134316043494   0.157241858405   0.084923201623 -10.649491461317   0.733513151094  -0.403943087227   0.117557167112  -1.509609265396   0.032320631598  -0.227700396998   0.039282114973  -0.032320631598  -0.227700396998  -0.039282114973   0.000000000000
-13.888889000000   0.600000000000 -13.888889000000  10.000000000000  -1.129396339699   0.016140177790   0.068176273668   0.084316451458   0.072142506573   0.088282684364   0.095908182391 -13.394732821033   0.668802907505  -0.213990544207   0.113343423152  -1.110497659151   0.019658654399  -0.181517008444   0.037050212682  -0.019658654399  -0.181517008444  -0.037050212682   0.000000000000
-13.888889000000   0.600000000000  -8.333333000000  10.000000000000  -0.681845483929   0.011241016119   0.030041500114   0.041282516233   0.031099340935   0.042340357054   0.103580979299 -16.516567935928   0.497878643531  -0.083769758951   0.110462033962  -0.676851014560   0.006981881850  -0.127919240439   0.035511336992  -0.006981881850  -0.127919240439  -0.035511336992   0.000000000000
-13.888889000000   0.600000000000  -2.777778000000  10.000000000000  -0.221432722595   0.008667080641   0.010636543512   0.019303624153   0.011624636411   0.020291717052   0.107614097440 -11.471044029913   0.112295529647  -0.017815244329   0.109101427317  -0.220828825419  -0.005916965719  -0.069669950836   0.034766715979   0.005916965719  -0.069669950836  -0.034766715979   0.000000000000
-13.888889000000   0.600000000000   2.777778000000  10.000000000000   0.242985166778   0.008661251876   0.010792580459   0.019453832335   0.011854736876   0.020515988752   0.107350799935  12.490349592381   0.134175146392  -0.018650954277   0.108881883769   0.242366075194  -0.019051389582  -0.008784765554   0.034700643427   0.019051389582  -0.008784765554  -0.034700643427   0.000000000000
-13.888889000000   0.600000000000   8.333333000000  10.000000000000   0.703736937561   0.011223830449   0.030559867401   0.041783697850   0.033312892847   0.044536723296   0.102537703680  16.842380492411   0.524000308202  -0.086213352695   0.109569564073   0.698618138768  -0.031911001842   0.051972777688   0.035233490645   0.031911001842   0.051972777688  -0.035233490645   0.000000000000
-13.888889000000   0.600000000000  13.888889000000  10.000000000000   1.151379959374   0.016097090899   0.068990704606   0.085087795506   0.075883024037   0.091980114936   0.093058029723  13.531669877342   0.688791503446  -0.217876440236   0.110761753522   1.132182508006  -0.044250437513   0.110913848424   0.036233911544   0.044250437513   0.110913848424  -0.036233911544   0.000000000000
-13.888889000000   0.600000000000  19.444444000000  10.000000000000   1.579924370665   0.022850922701   0.124637598906   0.147488521607   0.138714614291   0.161565536992   0.079706725849  10.712185283650   0.748224793915  -0.408976506362   0.112779458452   1.531106153788  -0.056511562886   0.165212210530   0.037780399928   0.056511562886   0.165212210530  -0.037780399928   0.000000000000
-13.888889000000   0.600000000000  25.000000000000  10.000000000000   1.981836700115   0.030838563085   0.194965661777   0.225804224862   0.220911798722   0.251750361807   0.063408432522   8.776791937041   0.768991236949  -0.652690041445   0.115756562737   1.882360489169  -0.068543738156   0.212788897477   0.039865830332   0.068543738156   0.212788897477  -0.039865830332   0.000000000000
 -8.333333000000   0.600000000000 -25.000000000000  10.000000000000  -2.042796465220   0.032340638141   0.198010527252   0.230351165392   0.223097801281   0.255438439422   0.042567054199  -8.868183765177   0.800898541622  -0.662349599861   0.075502837260  -1.945117821867   0.027704389595  -0.252267395983   0.025876737212  -0.027704389595  -0.252267395983  -0.025876737212   0.000000000000
 -8.333333000000   0.600000000000 -19.444444000000  10.000000000000  -1.626087084567   0.023692400312   0.124598443014   0.148290843325   0.136279962650   0.159972362962   0.051076618672 -10.965525909097   0.788299020593  -0.409936286466   0.072029400102  -1.579722193408   0.020113332591  -0.212519403656   0.024065974512  -0.020113332591  -0.212519403656  -0.024065974512   0.000000000000
 -8.333333000000   0.600000000000 -13.888889000000  10.000000000000  -1.180940138046   0.016371928592   0.066370445048   0.082742373640   0.070466481240   0.086838409833   0.058006317032 -14.272495289776   0.745153101330  -0.212158638375   0.069385871000  -1.164046801434   0.012320411989  -0.163719895720   0.022674063621  -0.012320411989  -0.163719895720  -0.022674063621   0.000000000000
 -8.333333000000   0.600000000000  -8.333333000000  10.000000000000  -0.714786075409   0.011078149930   0.026071943961   0.037150093892   0.026923074587   0.038001224517   0.062870300710 -19.240491760094   0.608008950475  -0.076241226021   0.067590725373  -0.711245883703   0.004268644554  -0.107720422190   0.021729296469  -0.004268644554  -0.107720422190  -0.021729296469   0.000000000000
 -8.333333000000   0.600000000000  -2.777778000000  10.000000000000  -0.237083531663   0.008314815391   0.005562045815   0.013876861206   0.005759134678   0.014073950069   0.065339438809 -17.084809608317   0.179072646737  -0.007234060520   0.066660760670  -0.237011438293  -0.003608980036  -0.046061199783   0.021238973963   0.003608980036  -0.046061199783  -0.021238973963   0.000000000000
 -8.333333000000   0.600000000000   2.777778000000  10.000000000000   0.244983655276   0.008315280526   0.005630233335   0.013945513860   0.005503292071   0.013818572597   0.065220714924  17.567201734414   0.190264349247  -0.007531884694   0.066553240271   0.244906405156  -0.011659733254   0.018388780425   0.021207082365   0.011659733254   0.018388780425  -0.021207082365   0.000000000000
 -8.333333000000   0.600000000000   8.333333000000  10.000000000000   0.722786282042   0.011077550223   0.026262822405   0.037340372628   0.027489317938   0.038566868161   0.062121035576  19.356697086120   0.618527305030  -0.077106983084   0.066876948700   0.719204646043  -0.019456167466   0.082991834401   0.021504732550   0.019456167466   0.082991834401  -0.021504732550   0.000000000000
 -8.333333000000   0.600000000000  13.888889000000  10.000000000000   1.188883233674   0.016365788095   0.066714024825   0.083079812919   0.071422465871   0.087788253965   0.056324877775  14.310133736448   0.752143343199  -0.213504613228   0.067771090685   1.171896305089  -0.027319606817   0.144776903949   0.022162863851   0.027319606817   0.144776903949  -0.022162863851   0.000000000000
 -8.333333000000   0.600000000000  19.444444000000  10.000000000000   1.633999114037   0.023679012517   0.125142861289   0.148821873806   0.137786011066   0.161465023583   0.048261355258  10.979562830702   0.793148644323  -0.411689937478   0.069320824487   1.587493695068  -0.034872315424   0.202079025224   0.023208029129   0.034872315424   0.202079025224  -0.023208029129   0.000000000000
 -8.333333000000   0.600000000000  25.000000000000  10.000000000000   2.050498002974   0.032313259073   0.198771656838   0.231084915911   0.224735813972   0.257049073045   0.038119006362   8.873352875025   0.804386595409  -0.664362164063   0.071208097338   1.952677054468  -0.042125890972   0.252834693294   0.024528175336   0.042125890972   0.252834693294  -0.024528175336   0.000000000000
 -2.777778000000   0.600000000000 -25.000000000000  10.000000000000  -2.084169317116   0.033045406529   0.200581601925   0.233627008455   0.228101371808   0.261146778338   0.014046585639  -8.920926270042   0.821978899564  -0.669935779087   0.025352202372  -1.987230219625   0.009548245439  -0.246148193075   0.008685576368  -0.009548245439  -0.246148193075  -0.008685576368   0.000000000000
 -2.777778000000   0.600000000000 -19.444444000000  10.000000000000  -1.659937947230   0.024073099165   0.125229402548   0.149302501714   0.138839837010   0.162912936176   0.016948916398 -11.117951328186   0.815895133967  -0.412734167725   0.024164556451  -1.614632798020   0.007039501851  -0.205151866996   0.008063122498  -0.007039501851  -0.205151866996  -0.008063122498   0.000000000000
 -2.777778000000   0.600000000000 -13.888889000000  10.000000000000  -1.206438568151   0.016478552072   0.065462016520   0.081940568592   0.070837438493   0.087315990565   0.019397636127 -14.723336546043   0.785288383380  -0.211054424028   0.023345879213  -1.190586218555   0.004118828363  -0.155063434082   0.007632475386  -0.004118828363  -0.155063434082  -0.007632475386   0.000000000000
 -2.777778000000   0.600000000000  -8.333333000000  10.000000000000  -0.732314041518   0.010999761243   0.024114934151   0.035114695394   0.025353388839   0.036353150082   0.021103518895 -20.854916532734   0.675186171163  -0.072444441956   0.022780464224  -0.729517038202   0.001458062364  -0.097162427770   0.007322560452  -0.001458062364  -0.097162427770  -0.007322560452   0.000000000000
 -2.777778000000   0.600000000000  -2.777778000000  10.000000000000  -0.245167497425   0.008130895742   0.002988259083   0.011119154825   0.003017711013   0.011148606755   0.021932173942 -22.049112659681   0.238985599022  -0.001849997101   0.022445264552  -0.245366145304  -0.001250641503  -0.033981014573   0.007150699730   0.001250641503  -0.033981014573  -0.007150699730   0.000000000000
 -2.777778000000   0.600000000000   2.777778000000  10.000000000000   0.246078670970   0.008134237403   0.002994065939   0.011128303342   0.002730033288   0.010864270691   0.021794730367  22.112865133323   0.240567364826  -0.001878374694   0.022308425832   0.246277013866  -0.003891609296   0.032152879458   0.007107865514   0.003891609296   0.032152879458  -0.007107865514   0.000000000000
 -2.777778000000   0.600000000000   8.333333000000  10.000000000000   0.733199143842   0.011009576504   0.024134333562   0.035143910066   0.025353236335   0.036362812839   0.020755051065  20.862765197992   0.676256637352  -0.072527139952   0.022433821654   0.730399472005  -0.006554741212   0.098428571009   0.007212668528   0.006554741212   0.098428571009  -0.007212668528   0.000000000000
 -2.777778000000   0.600000000000  13.888889000000  10.000000000000   1.207303250917   0.016494261372   0.065504024899   0.081998286270   0.070709612942   0.087203874314   0.018832672047  14.723518085940   0.785860907556  -0.211179438934   0.022784376097   1.191446031064  -0.009155997602   0.162332953996   0.007453909707   0.009155997602   0.162332953996  -0.007453909707   0.000000000000
 -2.777778000000   0.600000000000  19.444444000000  10.000000000000   1.660798141977   0.024094222406   0.125302751058   0.149396973463   0.138999486423   0.163093708829   0.016123197119  11.116678627922   0.816224492153  -0.412893807428   0.023344385711   1.615488664462  -0.011989526445   0.221141789304   0.007803160383   0.011989526445   0.221141789304  -0.007803160383   0.000000000000
 -2.777778000000   0.600000000000  25.000000000000  10.000000000000   2.084971225614   0.033069568552   0.200666283396   0.233735851948   0.228460226395   0.261529794946   0.012723272195   8.920202905271   0.822228488690  -0.670118028111   0.024035718625   1.988030043639  -0.014365316594   0.273310644236   0.008273674370   0.014365316594   0.273310644236  -0.008273674370   0.000000000000
  2.777778000000   0.600000000000 -25.000000000000  10.000000000000  -2.083848221504   0.033036782111   0.200484921790   0.233521703901   0.227962380526   0.260999162638  -0.014228725578  -8.923574069099   0.822096194176  -0.669903404336  -0.025529024989  -1.986891026411  -0.009321708350  -0.246411598765  -0.008734455540   0.009321708350  -0.246411598765   0.008734455540   0.000000000000
  2.777778000000   0.600000000000 -19.444444000000  10.000000000000  -1.659689552937   0.024067320265   0.125168906086   0.149236226350   0.138763111965   0.162830432229  -0.017062363839 -11.121224340274   0.816013198148  -0.412719085338  -0.024274658730  -1.614374704084  -0.006944269538  -0.205462025440  -0.008088272622   0.006944269538  -0.205462025440   0.008088272622   0.000000000000
  2.777778000000   0.600000000000 -13.888889000000  10.000000000000  -1.206025978361   0.016471786103   0.065409639317   0.081881425420   0.070776521494   0.087248307597  -0.019453376796 -14.728932382147   0.785318181850  -0.211015354952  -0.023398688169  -1.190170863173  -0.004183092830  -0.155348839183  -0.007642399930   0.004183092830  -0.155348839183   0.007642399930   0.000000000000
  2.777778000000   0.600000000000  -8.333333000000  10.000000000000  -0.731907601094   0.010995758578   0.024085970432   0.035081729010   0.025323320986   0.036319079564  -0.021141385364 -20.862928417588   0.675070681164  -0.072419931503  -0.022816688571  -0.729109850893  -0.001523725409  -0.097404874115  -0.007331984551   0.001523725409  -0.097404874115   0.007331984551   0.000000000000
  2.777778000000   0.600000000000  -2.777778000000  10.000000000000  -0.244941324225   0.008130156694   0.002982406890   0.011112563584   0.003013036333   0.011143193027  -0.021935619825 -22.041837815417   0.238686351045  -0.001845778770  -0.022448386960  -0.245139910711   0.001217422722  -0.034123092859  -0.007151884454  -0.001217422722  -0.034123092859   0.007151884454   0.000000000000
  2.777778000000   0.600000000000   2.777778000000  10.000000000000   0.245819959306   0.008133334456   0.002987305382   0.011120639837   0.002722734718   0.010856069174  -0.021793285850  22.104839550873   0.240227228338  -0.001873412494  -0.022306611621   0.246018238623   0.003905950588   0.032342625713  -0.007107106180  -0.003905950588   0.032342625713   0.007107106180   0.000000000000
  2.777778000000   0.600000000000   8.333333000000  10.000000000000   0.732789444824   0.011005380602   0.024104079186   0.035109459788   0.025321360061   0.036326740663  -0.020738898100  20.871567071644   0.676163905957  -0.072501033456  -0.022416018126   0.729989225116   0.006613935277   0.098675001980  -0.007203543892  -0.006613935277   0.098675001980   0.007203543892   0.000000000000
  2.777778000000   0.600000000000  13.888889000000  10.000000000000   1.206895231556   0.016487308650   0.065449730388   0.081937039038   0.070644955942   0.087132264592  -0.018793470191  14.729544119820   0.785916846600  -0.211139040469  -0.022742252117   1.191035712478   0.009210440453   0.162617382773  -0.007431904148  -0.009210440453   0.162617382773   0.007431904148   0.000000000000
  2.777778000000   0.600000000000  19.444444000000  10.000000000000   1.660498788043   0.024086922575   0.125227859596   0.149314782171   0.138906222888   0.162993145463  -0.016040365115  11.120793024631   0.816379408711  -0.412867781833  -0.023257667849   1.615180391842   0.011890515158   0.221475962809  -0.007764510108  -0.011890515158   0.221475962809   0.007764510108   0.000000000000
  2.777778000000   0.600000000000  25.000000000000  10.000000000000   2.084472022389   0.033055636777   0.200530128952   0.233585765729   0.228298420756   0.261354057533  -0.012667091907   8.923797286551   0.822362859397  -0.670040452652  -0.023972330813   1.987515407854   0.014207221147   0.273629385302  -0.008235541388  -0.014207221147   0.273629385302   0.008235541388   0.000000000000
  8.333333000000   0.600000000000 -25.000000000000  10.000000000000  -2.041425606705   0.032304964404   0.197691310287   0.229996274691   0.222705751303   0.255010715707  -0.042767995426  -8.875907270436   0.801058135874  -0.662114888437  -0.075650221910  -1.943714694586  -0.027955957321  -0.253264418803  -0.025890101940   0.027955957321  -0.253264418803   0.025890101940   0.000000000000
  8.333333000000   0.600000000000 -19.444444000000  10.000000000000  -1.624570644856   0.023660986836   0.124332675867   0.147993662703   0.135979706794   0.159640693630  -0.051265426332 -10.977298724732   0.788409421614  -0.409734550361  -0.072173143325  -1.578185250181  -0.020358898661  -0.213557150131  -0.024088850418   0.020358898661  -0.213557150131   0.024088850418   0.000000000000
  8.333333000000   0.600000000000 -13.888889000000  10.000000000000  -1.179586048445   0.016351397298   0.066202154616   0.082553551915   0.070274899887   0.086626297186  -0.058144073092 -14.288737687048   0.745145721303  -0.212034350300  -0.069494806300  -1.162682662658  -0.012500612630  -0.164623208998  -0.022700104733   0.012500612630  -0.164623208998   0.022700104733   0.000000000000
  8.333333000000   0.600000000000  -8.333333000000  10.000000000000  -0.713715051798   0.011068343610   0.025999708456   0.037068052067   0.026843430779   0.037911774389  -0.062982104677 -19.254182834100   0.607529916307  -0.076182351969  -0.067689458400  -0.710172054947  -0.004318492223  -0.108444486929  -0.021762164019   0.004318492223  -0.108444486929   0.021762164019   0.000000000000
  8.333333000000   0.600000000000  -2.777778000000  10.000000000000  -0.236847908391   0.008314010410   0.005556601952   0.013870612362   0.005753800006   0.014067810416  -0.065340072168 -17.075519249325   0.178797397895  -0.007228908942  -0.066660481686  -0.236775787792   0.003621898701  -0.046199223110  -0.021239101104  -0.003621898701  -0.046199223110   0.021239101104   0.000000000000
  8.333333000000   0.600000000000   2.777778000000  10.000000000000   0.244655296892   0.008314139845   0.005621320579   0.013935460424   0.005494198221   0.013808338066  -0.065222322827  17.556312417809   0.189891552281  -0.007526140027  -0.066553374134   0.244577939228   0.011648040128   0.018634946070  -0.021207295086  -0.011648040128   0.018634946070   0.021207295086   0.000000000000
  8.333333000000   0.600000000000   8.333333000000  10.000000000000   0.721688469954   0.011066803791   0.026182726440   0.037249530231   0.027402688973   0.038469492764  -0.062183524250  19.374431448439   0.618153674079  -0.077045770350  -0.066925611639   0.718104085515   0.019486430934   0.083715427116  -0.021517642175  -0.019486430934   0.083715427116   0.021517642175   0.000000000000
  8.333333000000   0.600000000000  13.888889000000  10.000000000000   1.187548568813   0.016344480232   0.066537297006   0.082881777238   0.071217548987   0.087562029220  -0.056363428049  14.328222781660   0.752248667855  -0.213379880283  -0.067780532253   1.170552286080   0.027502210996   0.145697302331  -0.022150968761  -0.027502210996   0.145697302331   0.022150968761   0.000000000000
  8.333333000000   0.600000000000  19.444444000000  10.000000000000   1.632448930870   0.023645370335   0.124853899325   0.148499269660   0.137448431718   0.161093802052  -0.048287370875  10.992976158147   0.793364221444  -0.411478440712  -0.069299809805   1.585924413194   0.035119984420   0.203140666587  -0.023173922728  -0.035119984420   0.203140666587   0.023173922728   0.000000000000
  8.333333000000   0.600000000000  25.000000000000  10.000000000000   2.049091065041   0.032275161949   0.198424172708   0.230699334657   0.224295518118   0.256570680067  -0.038122339474   8.882084849060   0.804625697167  -0.664113769831  -0.071155512253   1.951240498351   0.042388742120   0.253858874188  -0.024466277335  -0.042388742120   0.253858874188   0.024466277335   0.000000000000
 13.888889000000   0.600000000000 -25.000000000000  10.000000000000  -1.957580361216   0.030891082276   0.192496812201   0.223387894477   0.215958053671   0.246849135948  -0.071688658558  -8.763144331505   0.758398185708  -0.646366144193  -0.123214684767  -1.858545462152  -0.045234152877  -0.266635431511  -0.042159568789   0.045234152877  -0.266635431511   0.042159568789   0.000000000000
 13.888889000000   0.600000000000 -19.444444000000  10.000000000000  -1.555427332397   0.022874656333   0.122928703499   0.145803359832   0.133741182612   0.156615838945  -0.085269317115 -10.667980039628   0.733583647642  -0.403623298000  -0.117774910626  -1.507017241536  -0.032461622916  -0.229545611655  -0.039342175110   0.032461622916  -0.229545611655   0.039342175110   0.000000000000
 13.888889000000   0.600000000000 -13.888889000000  10.000000000000  -1.127166802650   0.016107875826   0.067920306139   0.084028181965   0.071827294185   0.087935170010  -0.096189433848 -13.414151970094   0.668450315883  -0.213792563969  -0.113547255524  -1.108249928445  -0.019710690334  -0.183108586619  -0.037117877662   0.019710690334  -0.183108586619   0.037117877662   0.000000000000
 13.888889000000   0.600000000000  -8.333333000000  10.000000000000  -0.680748997704   0.011230126917   0.029965267948   0.041195394865   0.031013913519   0.042244040436  -0.103599325322 -16.524880995385   0.497328184723  -0.083698881689  -0.110458931009  -0.675753209689  -0.006896021525  -0.128533909860  -0.035514143662   0.006896021525  -0.128533909860   0.035514143662   0.000000000000
 13.888889000000   0.600000000000  -2.777778000000  10.000000000000  -0.221265542361   0.008666463755   0.010632411832   0.019298875587   0.011620790103   0.020287253858  -0.107610253891 -11.465203833269   0.112153617959  -0.017810825171  -0.109096556297  -0.220661662934   0.005926511376  -0.069774965303  -0.034765209270  -0.005926511376  -0.069774965303   0.034765209270   0.000000000000
 13.888889000000   0.600000000000   2.777778000000  10.000000000000   0.242758003756   0.008660454132   0.010785396845   0.019445850977   0.011848183400   0.020508637532  -0.107348373145  12.483794308867   0.133979355129  -0.018647102478  -0.108877612087   0.242138831831   0.019045661094  -0.008594405095  -0.034699311365  -0.019045661094  -0.008594405095   0.034699311365   0.000000000000
 13.888889000000   0.600000000000   8.333333000000  10.000000000000   0.702275623353   0.011209284443   0.030441405641   0.041650690084   0.033180820573   0.044390105015  -0.102583627539  16.861080139237   0.523492793763  -0.086140224620  -0.109582218101   0.697151942519   0.031802994327   0.053060800265  -0.035241153468  -0.031802994327   0.053060800265   0.035241153468   0.000000000000
 13.888889000000   0.600000000000  13.888889000000  10.000000000000   1.149094494419   0.016061066710   0.068692700334   0.084753767044   0.075534611449   0.091595678159  -0.093200741467  13.558034462689   0.688763617840  -0.217675874685  -0.110820112687   1.129877804254   0.044261857440   0.112514463269  -0.036249677739  -0.044261857440   0.112514463269   0.036249677739   0.000000000000
 13.888889000000   0.600000000000  19.444444000000  10.000000000000   1.577234113671   0.022793486937   0.124130351280   0.146923838217   0.138069107441   0.160862594378  -0.079880528004  10.735045672700   0.748544768544  -0.408637187968  -0.112812632677   1.528372965227   0.056647636488   0.167108555605  -0.037773847378  -0.056647636488   0.167108555605   0.037773847378   0.000000000000
 13.888889000000   0.600000000000  25.000000000000  10.000000000000   1.979177294374   0.030770577432   0.194290010564   0.225060587997   0.219969727164   0.250740304596  -0.063507329088   8.793975488964   0.769462877024  -0.652241902188  -0.115674065431   1.879635130365   0.068899253698   0.214667019990  -0.039788685214  -0.068899253698   0.214667019990   0.039788685214   0.000000000000
 19.444444000000   0.600000000000 -25.000000000000  10.000000000000  -1.835999627244   0.028933915235   0.185421256392   0.214355171628   0.208933948283   0.237867863519  -0.101309883593  -8.565221978561   0.695230685938  -0.623301073627  -0.166888914337  -1.735151383956  -0.059801629141  -0.286618103546  -0.057150524763   0.059801629141  -0.286618103546   0.057150524763   0.000000000000
 19.444444000000   0.600000000000 -19.444444000000  10.000000000000  -1.457653902035   0.021845411343   0.121499551809   0.143344963152   0.132715380657   0.154560792000  -0.118893838449 -10.168853303102   0.655305967682  -0.395103988888  -0.159831184481  -1.406337531260  -0.043375619054  -0.251784469584  -0.053361806094   0.043375619054  -0.251784469584   0.053361806094   0.000000000000
 19.444444000000   0.600000000000 -13.888889000000  10.000000000000  -1.054875995762   0.015826703183   0.070859110983   0.086685814167   0.075648634514   0.091475337698  -0.132730562999 -12.168957584400   0.567508680013  -0.216753626249  -0.154017311366  -1.033049724105  -0.026446105740  -0.207736249916  -0.050313930276   0.026446105740  -0.207736249916   0.050313930276   0.000000000000
 19.444444000000   0.600000000000  -8.333333000000  10.000000000000  -0.632853549430   0.011457017419   0.035797816882   0.047254834300   0.038234665175   0.049691682594  -0.142769709468 -13.392355698633   0.374695016585  -0.094656657857  -0.150357587566  -0.625741589889  -0.009282131596  -0.157980144057  -0.048333885751   0.009282131596  -0.157980144057   0.048333885751   0.000000000000
 19.444444000000   0.600000000000  -2.777778000000  10.000000000000  -0.198616641460   0.009152965110   0.017970560706   0.027123525816   0.020754225715   0.029907190825  -0.147800898414  -7.322670467230   0.064298796717  -0.033222985932  -0.148400255918  -0.197238329790   0.008161680453  -0.104141580682  -0.047299761288  -0.008161680453  -0.104141580682   0.047299761288   0.000000000000
 19.444444000000   0.600000000000   2.777778000000  10.000000000000   0.239978958556   0.009140349464   0.018257434854   0.027397784317   0.021903064035   0.031043413498  -0.147448499812   8.759064447591   0.092928431582  -0.034852017052  -0.148159255118   0.238570264832   0.025842523298  -0.048272932155  -0.047225409550  -0.025842523298  -0.048272932155   0.047225409550   0.000000000000
 19.444444000000   0.600000000000   8.333333000000  10.000000000000   0.674344004075   0.011412012988   0.036632242723   0.048044255711   0.043050555040   0.054462568029  -0.141168217630  14.035892409893   0.418445837530  -0.099405913430  -0.149110229878   0.666979126906   0.043181925529   0.008079132787  -0.047945627946  -0.043181925529   0.008079132787   0.047945627946   0.000000000000
 19.444444000000   0.600000000000  13.888889000000  10.000000000000   1.096774305519   0.015737967049   0.072335236783   0.088073203832   0.083184140904   0.098922107953  -0.129007473091  12.452985219124   0.603821345256  -0.224337724445  -0.150968420808   1.074334592156   0.060059134725   0.062459855831  -0.049353863948  -0.060059134725   0.062459855831   0.049353863948   0.000000000000
 19.444444000000   0.600000000000  19.444444000000  10.000000000000   1.500051492420   0.021687376790   0.123621136493   0.145308513283   0.141824627313   0.163512004103  -0.111328769188  10.323218223931   0.684603313268  -0.405097161159  -0.153351242546   1.447771675791   0.076288680040   0.112969301814  -0.051314078272  -0.076288680040   0.112969301814   0.051314078272   0.000000000000
 19.444444000000   0.600000000000  25.000000000000  10.000000000000   1.877706632075   0.028690271528   0.188554492323   0.217244763851   0.219798639086   0.248488910614  -0.089078787500   8.643276821908   0.717503268838  -0.634767561769  -0.156317346361   1.775823060920   0.092039750857   0.157856863816  -0.053820865842  -0.092039750857   0.157856863816   0.053820865842   0.000000000000
 25.000000000000   0.600000000000 -25.000000000000  10.000000000000  -1.684894890928   0.026715489661   0.177603536046   0.204319025707   0.202798615783   0.229514105444  -0.130700961834  -8.246392547640   0.614263258180  -0.594302340854  -0.204804250968  -1.581948085622  -0.072564413468  -0.309540270509  -0.070015383139   0.072564413468  -0.309540270509   0.070015383139   0.000000000000
 25.000000000000   0.600000000000 -19.444444000000  10.000000000000  -1.335836092455   0.020666133639   0.120310931160   0.140977064799   0.133529187416   0.154195321055  -0.151318943896  -9.475556143528   0.559597291428  -0.384511503795  -0.196721019250  -1.280891004543  -0.052645829366  -0.278259340674  -0.065586627950   0.052645829366  -0.278259340674   0.065586627950   0.000000000000
 25.000000000000   0.600000000000 -13.888889000000  10.000000000000  -0.962717082505   0.015492347297   0.074781081131   0.090273428428   0.082050882416   0.097543229713  -0.168046745093 -10.664456853676   0.453894730436  -0.220610160384  -0.190453273068  -0.937161613211  -0.032157140548  -0.239853808673  -0.062157492488   0.032157140548  -0.239853808673   0.062157492488   0.000000000000
 25.000000000000   0.600000000000  -8.333333000000  10.000000000000  -0.571930893472   0.011723730983   0.043250452109   0.054974183092   0.048568089872   0.060291820855  -0.179705476963 -10.403626962807   0.263054689761  -0.108738471498  -0.186101566844  -0.562106144602  -0.011077486920  -0.195779029966  -0.059813230454   0.011077486920  -0.195779029966   0.059813230454   0.000000000000
 25.000000000000   0.600000000000  -2.777778000000  10.000000000000  -0.169724288679   0.009729078936   0.027267556277   0.036996635213   0.033251551882   0.042980630818  -0.185409552229  -4.587560130823   0.034422585568  -0.052999695923  -0.183673574640  -0.167352434859   0.010290925048  -0.148202490380  -0.058556246942  -0.010290925048  -0.148202490380   0.058556246942   0.000000000000
 25.000000000000   0.600000000000   2.777778000000  10.000000000000   0.236425128289   0.009703260256   0.027587725373   0.037290985628   0.035625468592   0.045328728848  -0.184436758055   6.340007492548   0.066267582238  -0.055555081361  -0.182916321566   0.234007753840   0.031815327413  -0.098904949528  -0.058315801110  -0.031815327413  -0.098904949528   0.058315801110   0.000000000000
 25.000000000000   0.600000000000   8.333333000000  10.000000000000   0.639016823978   0.011642589073   0.044285412483   0.055928001556   0.056974676485   0.068617265558  -0.176647635521  11.425704588035   0.322784747420  -0.116327378789  -0.183733322434   0.628796339836   0.053035889027  -0.049715767860  -0.059062808942  -0.053035889027  -0.049715767860   0.059062808942   0.000000000000
 25.000000000000   0.600000000000  13.888889000000  10.000000000000   1.030386058726   0.015339633246   0.076501131465   0.091840764711   0.094083132542   0.109422765789  -0.161523751277  11.219266977629   0.511072105890  -0.232798311388  -0.185203817913   1.003854855221   0.073759286483  -0.001884168544  -0.060520073604  -0.073759286483  -0.001884168544   0.060520073604   0.000000000000
 25.000000000000   0.600000000000  19.444444000000  10.000000000000   1.403531710325   0.020409253664   0.123400046394   0.143809300058   0.146260285261   0.166669538925  -0.140260234482   9.759672773287   0.605585136263  -0.400219353664  -0.187895379136   1.347135889768   0.093622678564   0.042962339195  -0.062798591504  -0.093622678564   0.042962339195   0.062798591504   0.000000000000
 25.000000000000   0.600000000000  25.000000000000  10.000000000000   1.751377992773   0.026286539019   0.181347295143   0.207633834163   0.219412105999   0.245698645019  -0.111581108412   8.434935471071   0.653099534076  -0.612353221928  -0.188876677512   1.646886808102   0.112643646710   0.084635938454  -0.064903409975  -0.112643646710   0.084635938454   0.064903409975   0.000000000000
