      Beta             Mach             AoA             Re/1e6             CL              CDo              CDi             CDtot             CDt            CDtot_t             CS              L/D               E               CFx              CFy              CFz              CMx              CMy              CMz              CMl              CMm              CMn              FOpt 
-25.000000000000   0.600000000000 -25.000000000000  10.000000000000  -7.005895627779   0.104202962198   0.663301281980   0.767504244178   0.748414958113   0.852617920311  -0.268684276028  -9.128152294826   2.827250317497  -2.227484152488   0.080850657934  -6.691457619523   1.127882365572  -1.564205577276   0.045239589045  -1.127882365572  -1.564205577276  -0.045239589045   0.000000000000
-25.000000000000   0.600000000000 -19.444444000000  10.000000000000  -5.652199627361   0.078760269276   0.431046757785   0.509807027061   0.469625247467   0.548385516743  -0.186760740533 -11.086939424791   2.770428128539  -1.371459736389   0.046191046142  -5.509909979783   0.987271376063  -1.278202183175   0.016166727429  -0.987271376063  -1.278202183175  -0.016166727429   0.000000000000
-25.000000000000   0.600000000000 -13.888889000000  10.000000000000  -4.205576630949   0.056329606318   0.244345563545   0.300675169863   0.256532186939   0.312861793257  -0.114593966740 -13.987109852996   2.600586224908  -0.697955118184   0.023213413233  -4.159655265069   0.836193862044  -0.929787750185  -0.001008411431  -0.836193862044  -0.929787750185   0.001008411431   0.000000000000
-25.000000000000   0.600000000000  -8.333333000000  10.000000000000  -2.683393421798   0.039026477655   0.111426081652   0.150452559307   0.113407560437   0.152434038092  -0.057648400886 -17.835478732665   2.115859584083  -0.229886524788   0.011336804456  -2.678354575007   0.677876151652  -0.535348288174  -0.006997727097  -0.677876151652  -0.535348288174   0.006997727097   0.000000000000
-25.000000000000   0.600000000000  -2.777778000000  10.000000000000  -1.117854094987   0.028509054973   0.038684984226   0.067194039199   0.037769525623   0.066278580596  -0.019474849350 -16.636209227974   0.822161653610   0.014873809782   0.010747220428  -1.119890777431   0.509855771531  -0.105535996701  -0.001498673479  -0.509855771531  -0.105535996701   0.001498673479   0.000000000000
-25.000000000000   0.600000000000   2.777778000000  10.000000000000   0.468462776340   0.025690576743   0.029205411097   0.054895987840   0.030003683964   0.055694260707  -0.002601380580   8.533643254656   0.176736924188   0.028089479397   0.020842395481   0.470376748124   0.334639150760   0.338746308066   0.014753412936  -0.334639150760   0.338746308066  -0.014753412936   0.000000000000
-25.000000000000   0.600000000000   8.333333000000  10.000000000000   2.045332980570   0.030776907575   0.083435024337   0.114211931913   0.089899748202   0.120676655777  -0.008187313534  17.908225054231   1.619325989237  -0.190592069779   0.040847822124   2.039241162116   0.155269918056   0.779406755934   0.041031118193  -0.155269918056   0.779406755934  -0.041031118193   0.000000000000
-25.000000000000   0.600000000000  13.888889000000  10.000000000000   3.583181142924   0.043181569670   0.198757259019   0.241938828689   0.219475713201   0.262657282872  -0.035516901920  14.810277301680   2.346117047807  -0.632674590777   0.070058522446   3.534656647508  -0.026588396228   1.202114139470   0.076422581924   0.026588396228   1.202114139470  -0.076422581924   0.000000000000
-25.000000000000   0.600000000000  19.444444000000  10.000000000000   5.054130155066   0.061573746930   0.369480425856   0.431054172786   0.419995168150   0.481568915080  -0.081714132994  11.725046349511   2.619863782642  -1.281532810164   0.108113210175   4.907412934939  -0.207234005136   1.592820488287   0.120443706773   0.207234005136   1.592820488287  -0.120443706773   0.000000000000
-25.000000000000   0.600000000000  25.000000000000  10.000000000000   6.435549035298   0.084059284694   0.587450516753   0.671509801447   0.690248519068   0.774307803762  -0.142555934358   9.583700820793   2.726695068219  -2.113604465170   0.154592751632   6.115252753528  -0.387135229361   1.936174087096   0.172187371310   0.387135229361   1.936174087096  -0.172187371310   0.000000000000
-19.444444000000   0.600000000000 -25.000000000000  10.000000000000  -7.563131432113   0.114807802065   0.730989431427   0.845797233492   0.817845684912   0.932653486977  -0.238884839377  -8.942014861987   2.989886871454  -2.401413056301   0.056299735933  -7.225194921858   1.022306694676  -1.697799814440   0.020903542514  -1.022306694676  -1.697799814440  -0.020903542514   0.000000000000
-19.444444000000   0.600000000000 -19.444444000000  10.000000000000  -6.078344430137   0.085264861046   0.472395143127   0.557660004172   0.511835923039   0.597100784084  -0.166542030331 -10.899731708674   2.928996381515  -1.475296345837   0.028597676845  -5.925172976744   0.908875389028  -1.401971789756  -0.000483962108  -0.908875389028  -1.401971789756   0.000483962108   0.000000000000
-19.444444000000   0.600000000000 -13.888889000000  10.000000000000  -4.496997323547   0.059616096132   0.265801751518   0.325417847650   0.279129686361   0.338745782492  -0.103045523795 -13.819147769628   2.747398211096  -0.748272154477   0.011160927413  -4.447410965951   0.788839613813  -1.029626828901  -0.011627828521  -0.788839613813  -1.029626828901   0.011627828521   0.000000000000
-19.444444000000   0.600000000000  -8.333333000000  10.000000000000  -2.836967324337   0.040109743480   0.119833377027   0.159943120508   0.121801634621   0.161911378101  -0.052152577016 -17.737351349239   2.224645542330  -0.244760727253   0.004065854580  -2.831388519378   0.657428750103  -0.609230044004  -0.012396603775  -0.657428750103  -0.609230044004   0.012396603775   0.000000000000
-19.444444000000   0.600000000000  -2.777778000000  10.000000000000  -1.132196183913   0.028648889756   0.041403008973   0.070051898729   0.040472496361   0.069121386116  -0.017630161196 -16.162248339526   0.808986330881   0.016971984828   0.006695144604  -1.134351540192   0.523012423078  -0.143819163388  -0.003571246598  -0.523012423078  -0.143819163388   0.003571246598   0.000000000000
-19.444444000000   0.600000000000   2.777778000000  10.000000000000   0.594903650201   0.026137984030   0.033429608066   0.059567592096   0.033996167515   0.060134151546  -0.001118445320   9.987035387341   0.262664235849   0.027645575071   0.018774961145   0.596944825745   0.379485210368   0.334275521447   0.014646421799  -0.379485210368   0.334275521447  -0.014646421799   0.000000000000
-19.444444000000   0.600000000000   8.333333000000  10.000000000000   2.309322787284   0.032779903372   0.096391386632   0.129171290004   0.102394122121   0.135174025493  -0.003896848019  17.877988113404   1.825244323272  -0.212892977532   0.039325587250   2.302781409895   0.231958714434   0.809869012499   0.041364522710  -0.231958714434   0.809869012499  -0.041364522710   0.000000000000
-19.444444000000   0.600000000000  13.888889000000  10.000000000000   3.980471453799   0.047858802293   0.227389161254   0.275247963547   0.248221076044   0.296079878337  -0.025372164344  14.461402011837   2.544852608435  -0.695311584321   0.067702977580   3.928424148461   0.082326905541   1.267648076417   0.075833964504  -0.082326905541   1.267648076417  -0.075833964504   0.000000000000
-19.444444000000   0.600000000000  19.444444000000  10.000000000000   5.578450346419   0.069828416312   0.419852383294   0.489680799606   0.472676461815   0.542504878127  -0.063207745701  11.392013636050   2.809517807746  -1.401768436683   0.103408481614   5.421000157530  -0.069643773211   1.690999322414   0.117182507888   0.069643773211   1.690999322414  -0.117182507888   0.000000000000
-19.444444000000   0.600000000000  25.000000000000  10.000000000000   7.083333705328   0.096604688867   0.665691461901   0.762296150768   0.771765874642   0.868370563509  -0.113692341596   9.292102155036   2.909841941607  -2.307774139862   0.146554944836   6.739461248392  -0.221324431551   2.062316160944   0.165115110689   0.221324431551   2.062316160944  -0.165115110689   0.000000000000
-13.888889000000   0.600000000000 -25.000000000000  10.000000000000  -7.975798285228   0.122615982373   0.782032106317   0.904648088691   0.876367087244   0.998983069617  -0.196083113968  -8.816465081766   3.108754126752  -2.532141603646   0.026801298509  -7.619562692706   0.883818314840  -1.816437839453  -0.007199153195  -0.883818314840  -1.816437839453   0.007199153195   0.000000000000
-13.888889000000   0.600000000000 -19.444444000000  10.000000000000  -6.395470360786   0.089965534856   0.503960118509   0.593925653365   0.548001194616   0.637966729472  -0.138414573805 -10.768132887601   3.044602630505  -1.553998531739   0.008198037285  -6.233696236359   0.805722692937  -1.500772936059  -0.019204455007  -0.805722692937  -1.500772936059   0.019204455007   0.000000000000
-13.888889000000   0.600000000000 -13.888889000000  10.000000000000  -4.707371422215   0.061780675806   0.281866221676   0.343646897482   0.296989242571   0.358769918377  -0.087017569534 -13.698279998190   2.850770308183  -0.785833203589  -0.001984510932  -4.654833315178   0.720263434644  -1.113807422550  -0.022855904653  -0.720263434644  -1.113807422550   0.022855904653   0.000000000000
-13.888889000000   0.600000000000  -8.333333000000  10.000000000000  -2.936839182001   0.040653744102   0.125815520750   0.166469264852   0.128584013029   0.169237757131  -0.044950645535 -17.641930386481   2.290572228859  -0.255069569956  -0.003677177816  -2.930816089497   0.625210141201  -0.672789470889  -0.018092948734  -0.625210141201  -0.672789470889   0.018092948734   0.000000000000
-13.888889000000   0.600000000000  -2.777778000000  10.000000000000  -1.119845255804   0.028618402389   0.043241896908   0.071860299298   0.042431046576   0.071049448965  -0.015170486169 -15.583643078987   0.771515629397   0.019044229574   0.002522383971  -1.122086626831   0.526810754733  -0.183792201703  -0.005706238889  -0.526810754733  -0.183792201703   0.005706238889   0.000000000000
-13.888889000000   0.600000000000   2.777778000000  10.000000000000   0.716575227761   0.026639282780   0.037191112589   0.063830395369   0.037608426707   0.064247709487   0.000969607264  11.226238277494   0.355642592575   0.026931968495   0.016263093808   0.718724910801   0.421431593392   0.322685404873   0.014077053381  -0.421431593392   0.322685404873  -0.014077053381   0.000000000000
-13.888889000000   0.600000000000   8.333333000000  10.000000000000   2.540343252301   0.034855879286   0.108007635728   0.142863515014   0.114283123958   0.149139003244   0.002161542310  17.781609615619   1.997014394210  -0.231467716012   0.036391274002   2.533546302580   0.311537585561   0.826057949886   0.040279075767  -0.311537585561   0.826057949886  -0.040279075767   0.000000000000
-13.888889000000   0.600000000000  13.888889000000  10.000000000000   4.316781351181   0.052434893236   0.252405802114   0.304840695350   0.275059864682   0.327494757919  -0.011240394272  14.160777799754   2.702494888835  -0.746303998181   0.062262138050   4.262254004441   0.198024815463   1.311197933982   0.072127655909  -0.198024815463   1.311197933982  -0.072127655909   0.000000000000
-13.888889000000   0.600000000000  19.444444000000  10.000000000000   6.018706757698   0.077715052031   0.463762351953   0.541477403984   0.518153769671   0.595868821702  -0.037753716232  11.115342419487   2.957629379127  -1.499372055982   0.093326211382   5.853428722833   0.079463139488   1.759823648412   0.108724180412  -0.079463139488   1.759823648412  -0.108724180412   0.000000000000
-13.888889000000   0.600000000000  25.000000000000  10.000000000000   7.612237368065   0.108142218182   0.731679753433   0.839821971615   0.844187440414   0.952329658596  -0.073751766715   9.064108376956   3.050388345890  -2.462141970541   0.129995202445   7.251058969496  -0.038865470000   2.155532030718   0.149964946837   0.038865470000   2.155532030718  -0.149964946837   0.000000000000
 -8.333333000000   0.600000000000 -25.000000000000  10.000000000000  -8.229524992987   0.126971791782   0.813834663702   0.940806455484   0.922990652258   1.049962444040  -0.144021086556  -8.747309231371   3.182489427377  -2.615372442111  -0.006147636568  -7.860707962128   0.718213408098  -1.909916285169  -0.037393648921  -0.718213408098  -1.909916285169   0.037393648921   0.000000000000
 -8.333333000000   0.600000000000 -19.444444000000  10.000000000000  -6.580863544373   0.092221156342   0.522642184743   0.614863341085   0.578433357538   0.670654513879  -0.104169868030 -10.702969431806   3.113901652690  -1.602812130540  -0.013956721299  -6.413070385034   0.679630208621  -1.583646687325  -0.039025758087  -0.679630208621  -1.583646687325   0.039025758087   0.000000000000
 -8.333333000000   0.600000000000 -13.888889000000  10.000000000000  -4.818806442500   0.062474320986   0.290642155976   0.353116476962   0.313642377058   0.376116698044  -0.067514729467 -13.646506908867   2.907225390559  -0.808033249747  -0.015624059084  -4.764135091636   0.633584835760  -1.184459193648  -0.034330196435  -0.633584835760  -1.184459193648   0.034330196435   0.000000000000
 -8.333333000000   0.600000000000  -8.333333000000  10.000000000000  -2.976649551212   0.040565590422   0.128830502750   0.169396093172   0.134441613309   0.175007203731  -0.036352063418 -17.572126342923   2.312436125471  -0.260360505168  -0.011417355457  -2.970276268459   0.580463018071  -0.725241174205  -0.023712121704  -0.580463018071  -0.725241174205   0.023712121704   0.000000000000
 -8.333333000000   0.600000000000  -2.777778000000  10.000000000000  -1.082316009818   0.028434416179   0.044140882881   0.072575299061   0.043721376609   0.072155792788  -0.012302553940 -14.913007921787   0.713570771173   0.021053972766  -0.001654186525  -1.084610743941   0.522289754960  -0.221015152581  -0.007789059078  -0.522289754960  -0.221015152581   0.007789059078   0.000000000000
 -8.333333000000   0.600000000000   2.777778000000  10.000000000000   0.832330708080   0.027168372308   0.040338045008   0.067506417317   0.040732971809   0.067901344117   0.003518651647  12.329653107990   0.453695526458   0.025869083925   0.013265330643   0.834564992317   0.458244455247   0.303296777783   0.013015167875  -0.458244455247   0.303296777783  -0.013015167875   0.000000000000
 -8.333333000000   0.600000000000   8.333333000000  10.000000000000   2.733162141379   0.036870548642   0.117783652611   0.154654201252   0.125097017023   0.161967565664   0.009556977199  17.672731288551   2.135437139860  -0.246087088828   0.031870391235   2.726281344932   0.389099869893   0.826072581895   0.037704188945  -0.389099869893   0.826072581895  -0.037704188945   0.000000000000
 -8.333333000000   0.600000000000  13.888889000000  10.000000000000   4.584126899124   0.056604482746   0.272778190821   0.329382673567   0.297977886420   0.354582369166   0.005925843316  13.917328587697   2.820526819541  -0.784830140269   0.053601317534   4.528125002495   0.314259999619   1.329921071898   0.065457320059  -0.314259999619   1.329921071898  -0.065457320059   0.000000000000
 -8.333333000000   0.600000000000  19.444444000000  10.000000000000   6.350858813761   0.084451924032   0.497830745132   0.582282669164   0.558370579174   0.642822503206  -0.006254923202  10.906831252395   3.062307324752  -1.570024891186   0.078202425065   6.180728607937   0.234777432830   1.796838043982   0.095560463320  -0.234777432830   1.796838043982  -0.095560463320   0.000000000000
 -8.333333000000   0.600000000000  25.000000000000  10.000000000000   8.009025241507   0.117831714461   0.782913778161   0.900745492623   0.901651872836   1.019483587297  -0.025236988610   8.891551839121   3.148291584317  -2.573712066560   0.105576186439   7.636839957370   0.151018311820   2.209244734861   0.127495005791  -0.151018311820   2.209244734861  -0.127495005791   0.000000000000
 -2.777778000000   0.600000000000 -25.000000000000  10.000000000000  -8.323298773645   0.127706504559   0.825554385252   0.953260889811   0.948194941956   1.075901446515  -0.087336445535  -8.731396475627   3.212897826334  -2.650809446586  -0.041036532466  -7.947651334515   0.539662055073  -1.968556278465  -0.069280308327  -0.539662055073  -1.968556278465   0.069280308327   0.000000000000
 -2.777778000000   0.600000000000 -19.444444000000  10.000000000000  -6.637808473146   0.092076581954   0.528345382634   0.620421964588   0.595059465511   0.687136047465  -0.067101903517 -10.698861181601   3.139640993600  -1.622262824574  -0.036955933036  -6.466592997304   0.541732849773  -1.637342014360  -0.059534422678  -0.541732849773  -1.637342014360   0.059534422678   0.000000000000
 -2.777778000000   0.600000000000 -13.888889000000  10.000000000000  -4.838392429128   0.061851047284   0.292508662918   0.354359710202   0.323404451254   0.385255498538  -0.046543388507 -13.653901078013   2.920623418703  -0.815621945053  -0.029315584742  -4.782434508565   0.536620112010  -1.230656669209  -0.045789768973  -0.536620112010  -1.230656669209   0.045789768973   0.000000000000
 -2.777778000000   0.600000000000  -8.333333000000  10.000000000000  -2.956874936704   0.039874618432   0.128655513346   0.168530131778   0.139366728659   0.179241347091  -0.027005581483 -17.545081734061   2.293538702399  -0.260695629609  -0.018806478512  -2.950241549962   0.525732769897  -0.763734421210  -0.029012906296  -0.525732769897  -0.763734421210   0.029012906296   0.000000000000
 -2.777778000000   0.600000000000  -2.777778000000  10.000000000000  -1.023614271064   0.028121032341   0.044070672738   0.072191705080   0.045021516631   0.073142548972  -0.009121097407 -14.179111989889   0.641657220990   0.022856880260  -0.005611798198  -1.025927425977   0.509001176523  -0.254072990413  -0.009651490293  -0.509001176523  -0.254072990413   0.009651490293   0.000000000000
 -2.777778000000   0.600000000000   2.777778000000  10.000000000000   0.937326528221   0.027687260402   0.042762546489   0.070449806891   0.044129782162   0.071817042564   0.006357937228  13.304884279830   0.551340291376   0.024551513192   0.009764632166   0.939620399056   0.488795811515   0.277673272195   0.011500770188  -0.488795811515   0.277673272195  -0.011500770188   0.000000000000
 -2.777778000000   0.600000000000   8.333333000000  10.000000000000   2.874798918505   0.038607278385   0.124900990304   0.163508268689   0.135789359034   0.174396637419   0.017952827891  17.581978829335   2.234564766833  -0.255918989409   0.025855733663   2.867989370917   0.462068627684   0.812143808177   0.033839735853  -0.462068627684   0.812143808177  -0.033839735853   0.000000000000
 -2.777778000000   0.600000000000  13.888889000000  10.000000000000   4.757977834157   0.059806476403   0.286289410777   0.346095887181   0.317708689769   0.377515166172   0.025543713612  13.747571151213   2.891785739831  -0.807723403336   0.042286331093   4.701551093487   0.428578540762   1.327858699365   0.056385660954  -0.428578540762   1.327858699365  -0.056385660954   0.000000000000
 -2.777778000000   0.600000000000  19.444444000000  10.000000000000   6.557844196124   0.089340963348   0.519567567324   0.608908530672   0.587573550535   0.676914513882   0.029236223685  10.769834656264   3.122395061600  -1.610889797360   0.058711029248   6.385807069740   0.389467836548   1.805400223652   0.078502837748  -0.389467836548   1.805400223652  -0.078502837748   0.000000000000
 -2.777778000000   0.600000000000  25.000000000000  10.000000000000   8.243105848352   0.124404611541   0.813921568487   0.938326180028   0.940804918410   1.065209529951   0.029562369205   8.784904464788   3.201442018839  -2.635572402005   0.075001155543   7.866273382066   0.345698113849   2.227024532889   0.099709828449  -0.345698113849   2.227024532889  -0.099709828449   0.000000000000
  2.777778000000   0.600000000000 -25.000000000000  10.000000000000  -8.244487233935   0.124442777802   0.814347581345   0.938790359147   0.941433282808   1.065876060610  -0.029649408330  -8.782032275479   3.200931644741  -2.635739828852  -0.075110587624  -7.867719499994   0.347208875080  -1.998397396326  -0.099975649056  -0.347208875080  -1.998397396326   0.099975649056   0.000000000000
  2.777778000000   0.600000000000 -19.444444000000  10.000000000000  -6.558872173935   0.089363461228   0.519775015834   0.609138477062   0.587883304182   0.677246765410  -0.029243695705 -10.767456696498   3.122194986858  -1.611015768553  -0.058729636238  -6.386852753531   0.390199689697  -1.666315896336  -0.078594252586  -0.390199689697  -1.666315896336   0.078594252586   0.000000000000
  2.777778000000   0.600000000000 -13.888889000000  10.000000000000  -4.758650264001   0.059817691694   0.286384202079   0.346201893773   0.317853090191   0.377670781885  -0.025546567483 -13.745303967398   2.891717459794  -0.807782161150  -0.042294318943  -4.702229246235   0.428751575924  -1.258535891311  -0.056413063893  -0.428751575924  -1.258535891311   0.056413063893   0.000000000000
  2.777778000000   0.600000000000  -8.333333000000  10.000000000000  -2.874926235417   0.038608073801   0.124913795382   0.163521869183   0.135815866242   0.174423940044  -0.017952655224 -17.581295087811   2.234576826218  -0.255923992322  -0.025856220312  -2.868117313612   0.461790959653  -0.790977880945  -0.033839509048  -0.461790959653  -0.790977880945   0.033839509048   0.000000000000
  2.777778000000   0.600000000000  -2.777778000000  10.000000000000  -0.936964407575   0.027684277540   0.042771991240   0.070456268779   0.044137500890   0.071821778430  -0.006358985252 -13.298524372738   0.550863844161   0.024575458403  -0.009765992117  -0.939259014228   0.487925454561  -0.280325026842  -0.011497689926  -0.487925454561  -0.280325026842   0.011497689926   0.000000000000
  2.777778000000   0.600000000000   2.777778000000  10.000000000000   1.021554275942   0.028112125059   0.044038766337   0.072150891397   0.044989515044   0.073101640103   0.009127996445  14.158581497314   0.639438692842   0.022916328654   0.005620667058   1.023867891930   0.508360944985   0.252792746907   0.009679394313  -0.508360944985   0.252792746907  -0.009679394313   0.000000000000
  2.777778000000   0.600000000000   8.333333000000  10.000000000000   2.954921081815   0.039857902361   0.128547410773   0.168405313134   0.139258634924   0.179116537286   0.027008226237  17.546483699496   2.292206316776  -0.260535682633   0.018815169167   2.948290274212   0.526359044664   0.786966474113   0.029067077474  -0.526359044664   0.786966474113  -0.029067077474   0.000000000000
  2.777778000000   0.600000000000  13.888889000000  10.000000000000   4.835553548594   0.061804694020   0.292188911595   0.353993605614   0.322945847013   0.384750541033   0.046545899000  13.660002530838   2.920214129925  -0.815295365861   0.029335834586   4.779590881034   0.536932412981   1.303376029331   0.045852200326  -0.536932412981   1.303376029331  -0.045852200326   0.000000000000
  2.777778000000   0.600000000000  19.444444000000  10.000000000000   6.635467225444   0.092022317114   0.528017301262   0.620039618376   0.594879296931   0.686901614045   0.066936046747  10.701682648642   3.139361281733  -1.621851135076   0.036808800555   6.464255476891   0.542067368622   1.779284055135   0.059562941044  -0.542067368622   1.779284055135  -0.059562941044   0.000000000000
  2.777778000000   0.600000000000  25.000000000000  10.000000000000   8.319850256083   0.127610141766   0.824854257518   0.952464399284   0.947777241813   1.075387383579   0.087051177527   8.735077407969   3.212920569217  -2.650085586963   0.040790199474   7.944183857670   0.539357653474   2.200170186064   0.069260477744  -0.539357653474   2.200170186064  -0.069260477744   0.000000000000
  8.333333000000   0.600000000000 -25.000000000000  10.000000000000  -8.007282238873   0.117779683088   0.782523219880   0.900302902968   0.901016572405   1.018796255493   0.025164724745  -8.893986915374   3.148468438412  -2.573381821137  -0.105583541977  -7.635070762720   0.150490315769  -1.989949796493  -0.127603622982  -0.150490315769  -1.989949796493   0.127603622982   0.000000000000
  8.333333000000   0.600000000000 -19.444444000000  10.000000000000  -6.348883595116   0.084404815600   0.497466885572   0.581871701172   0.557952948364   0.642357763964   0.006173180986 -10.911140002731   3.062564288325  -1.569761963353  -0.078223741864  -6.178726738879   0.233527573512  -1.664721084618  -0.095593807291  -0.233527573512  -1.664721084618   0.095593807291   0.000000000000
  8.333333000000   0.600000000000 -13.888889000000  10.000000000000  -4.582228515700   0.056571862851   0.272515531112   0.329087393963   0.297660417735   0.354232280586  -0.005972132939 -13.924047531940   2.820719897164  -0.784664585410  -0.053604322993  -4.526210381135   0.313420998132  -1.265611573123  -0.065489697175  -0.313420998132  -1.265611573123   0.065489697175   0.000000000000
  8.333333000000   0.600000000000  -8.333333000000  10.000000000000  -2.731031821072   0.036851228151   0.117663086205   0.154514314356   0.124956396803   0.161807624954  -0.009591039643 -17.674943790523   2.134039840291  -0.245920170705  -0.031883819968  -2.724152741818   0.388480756621  -0.807392338463  -0.037736672805  -0.388480756621  -0.807392338463   0.037736672805   0.000000000000
  8.333333000000   0.600000000000  -2.777778000000  10.000000000000  -0.831283793002   0.027165126108   0.040356509654   0.067521635762   0.040745947251   0.067911073359  -0.003527155782 -12.311369291004   0.452452917770   0.025933628923  -0.013275950625  -0.833519977360   0.457372833235  -0.306055622802  -0.013019574527  -0.457372833235  -0.306055622802   0.013019574527   0.000000000000
  8.333333000000   0.600000000000   2.777778000000  10.000000000000   1.079758969947   0.028421045416   0.044098911358   0.072519956774   0.043680176279   0.072101221695   0.012301120142  14.889128702971   0.710745020700   0.021122991829   0.001660788725   1.082054044798   0.521120791439   0.220746873526   0.007821247780  -0.521120791439   0.220746873526  -0.007821247780   0.000000000000
  8.333333000000   0.600000000000   8.333333000000  10.000000000000   2.972758395147   0.040528454185   0.128586908012   0.169115362197   0.134177819029   0.174706273214   0.036321818747  17.578287132064   2.310222927498  -0.260075723994   0.011428116981   2.966385304052   0.580857302307   0.748951749494   0.023803588149  -0.580857302307   0.748951749494  -0.023803588149   0.000000000000
  8.333333000000   0.600000000000  13.888889000000  10.000000000000   4.815113512092   0.062423319679   0.290278483413   0.352701803092   0.313260807285   0.375684126964   0.067498766179  13.652080794244   2.906183955130  -0.807547345244   0.015668363794   4.760451088630   0.635139024478   1.256497228018   0.034509611901  -0.635139024478   1.256497228018  -0.034509611901   0.000000000000
  8.333333000000   0.600000000000  19.444444000000  10.000000000000   6.576345668281   0.092132212129   0.522000526551   0.614132738680   0.577740833023   0.669873045153   0.104127077703  10.708345694798   3.113326991558  -1.601995668904   0.014020270327   6.408567478507   0.681513017617   1.725754593322   0.039286909971  -0.681513017617   1.725754593322  -0.039286909971   0.000000000000
  8.333333000000   0.600000000000  25.000000000000  10.000000000000   8.224907892214   0.126854414691   0.812896475305   0.939750889995   0.921838122992   1.048692537683   0.143903100642   8.752221444828   3.182490103566  -2.614383235181   0.006183881454   7.856074829853   0.719785110308   2.140129922594   0.037648596874  -0.719785110308   2.140129922594  -0.037648596874   0.000000000000
 13.888889000000   0.600000000000 -25.000000000000  10.000000000000  -7.609387755098   0.108063702441   0.730927522356   0.838991224797   0.842680776690   0.950744479131   0.073632876516  -9.069686940934   3.051123122666  -2.461694436067  -0.129911204362  -7.248123458223  -0.042701831779  -1.947629926543  -0.149754425018   0.042701831779  -1.947629926543   0.149754425018   0.000000000000
 13.888889000000   0.600000000000 -19.444444000000  10.000000000000  -6.014177662634   0.077619295881   0.462912340967   0.540531636848   0.517169854248   0.594789150129   0.037507679620 -11.126411948256   2.958346976649  -1.498785794321  -0.093338032886  -5.848832651782   0.078148318333  -1.636903980151  -0.108799687735  -0.078148318333  -1.636903980151   0.108799687735   0.000000000000
 13.888889000000   0.600000000000 -13.888889000000  10.000000000000  -4.311817516415   0.052362569238   0.251861271190   0.304223840428   0.274441366644   0.326803935881   0.011028596001 -14.173174299389   2.701750383215  -0.745743146213  -0.062319674258  -4.257279352821   0.197727368757  -1.252937003714  -0.072272417001  -0.197727368757  -1.252937003714   0.072272417001   0.000000000000
 13.888889000000   0.600000000000  -8.333333000000  10.000000000000  -2.536787288285   0.034827979479   0.107821431573   0.142649411053   0.114090810054   0.148918789533  -0.002240700617 -17.783370219081   1.994416432932  -0.231176793799  -0.036416724491  -2.529995006597   0.311160446040  -0.809208614634  -0.040335607516  -0.311160446040  -0.809208614634   0.040335607516   0.000000000000
 13.888889000000   0.600000000000  -2.777778000000  10.000000000000  -0.715492523907   0.026636206795   0.037205928195   0.063842134990   0.037622613974   0.064258820768  -0.000975503964 -11.207214859196   0.354503493663   0.026994408124  -0.016271636083  -0.717643962814   0.420485052570  -0.325322901238  -0.014072566233  -0.420485052570  -0.325322901238   0.014072566233   0.000000000000
 13.888889000000   0.600000000000   2.777778000000  10.000000000000   1.117017330743   0.028602436297   0.043181614024   0.071784050321   0.042363665714   0.070966102011   0.015160836126  15.560801121478   0.768439330058   0.019105031170  -0.002513449087   1.119258325129   0.525489822238   0.184236597083   0.005747012352  -0.525489822238   0.184236597083  -0.005747012352   0.000000000000
 13.888889000000   0.600000000000   8.333333000000  10.000000000000   2.932629561775   0.040612178275   0.125543030763   0.166155209038   0.128287278770   0.168899457045   0.044876465294  17.649940551102   2.288327481370  -0.254778734912   0.003680552271   2.926604149351   0.625335605633   0.696476051723   0.018187620644  -0.625335605633   0.696476051723  -0.018187620644   0.000000000000
 13.888889000000   0.600000000000  13.888889000000  10.000000000000   4.701505937311   0.061690556868   0.281229465575   0.342920022442   0.296312005605   0.358002562473   0.086854430885  13.710211214339   2.849698117759  -0.785148261813   0.002000620894   4.648960541563   0.720907412054   1.185670736524   0.023019010886  -0.720907412054   1.185670736524  -0.023019010886   0.000000000000
 13.888889000000   0.600000000000  19.444444000000  10.000000000000   6.388741512249   0.089827938152   0.502911126926   0.592739065077   0.546794082157   0.636622020309   0.138166451546  10.778337195334   3.044281471201  -1.552900906875  -0.008154076798   6.226947884991   0.806627151134   1.640565721593   0.019439391191  -0.806627151134   1.640565721593  -0.019439391191   0.000000000000
 13.888889000000   0.600000000000  25.000000000000  10.000000000000   7.968369593139   0.122433617870   0.780524819554   0.902958437424   0.874511135831   0.996944753701   0.195764284878   8.824735738526   3.108772201693  -2.530558036224  -0.026705222468   7.612104467505   0.884876071679   2.041942383580   0.007539319360  -0.884876071679   2.041942383580  -0.007539319360   0.000000000000
 19.444444000000   0.600000000000 -25.000000000000  10.000000000000  -7.075975161593   0.096423913383   0.664106683993   0.760530597376   0.769215222197   0.865639135580   0.112847866010  -9.303998006135   2.910540384679  -2.306427936563  -0.146763515712  -6.731969738627  -0.221738061699  -1.872840392629  -0.165568871194   0.221738061699  -1.872840392629   0.165568871194   0.000000000000
 19.444444000000   0.600000000000 -19.444444000000  10.000000000000  -5.571118039616   0.069688294826   0.418685201570   0.488373496396   0.471213628781   0.540901923607   0.062657710810 -11.407494634175   2.809637913555  -1.400662655758  -0.103491953436  -5.413614726999  -0.069966657335  -1.578981624533  -0.117442360870   0.069966657335  -1.578981624533   0.117442360870   0.000000000000
 19.444444000000   0.600000000000 -13.888889000000  10.000000000000  -3.974826568195   0.047783724831   0.226796807297   0.274580532129   0.247513027646   0.295296752478   0.025097361922 -14.475995575439   2.543808106347  -0.694656355864  -0.067739923532  -3.922771270855   0.082089538698  -1.213804062833  -0.075966954506  -0.082089538698  -1.213804062833   0.075966954506   0.000000000000
 19.444444000000   0.600000000000  -8.333333000000  10.000000000000  -2.305901627072   0.032755694115   0.096209296183   0.128964990298   0.102189450792   0.134945144908   0.003806944598 -17.880058934901   1.822751410314  -0.212619234030  -0.039341687341  -2.299363839901   0.231571163385  -0.794089639555  -0.041406359753  -0.231571163385  -0.794089639555   0.041406359753   0.000000000000
 19.444444000000   0.600000000000  -2.777778000000  10.000000000000  -0.594025552214   0.026136207849   0.033442446588   0.059578654437   0.034005289555   0.060141497404   0.001111313790  -9.970442565764   0.261840778804   0.027696177688  -0.018785368499  -0.596068149995   0.378707129722  -0.336769394915  -0.014643277677  -0.378707129722  -0.336769394915   0.014643277677   0.000000000000
 19.444444000000   0.600000000000   2.777778000000  10.000000000000   1.129622170273   0.028634038696   0.041346981895   0.069981020591   0.040422942744   0.069056981441   0.017613837663  16.141836182718   0.806127736303   0.017024543008  -0.006686942306   1.131777048641   0.521805845810   0.144458348207   0.003611556159  -0.521805845810   0.144458348207  -0.003611556159   0.000000000000
 19.444444000000   0.600000000000   8.333333000000  10.000000000000   2.833042187317   0.040069904132   0.119566645144   0.159636549276   0.121522651370   0.161592555502   0.052043265226  17.746826777226   2.222754372398  -0.244513888338  -0.004066876422   2.827457653682   0.657223355303   0.632022029141   0.012476499976  -0.657223355303   0.632022029141  -0.012476499976   0.000000000000
 19.444444000000   0.600000000000  13.888889000000  10.000000000000   4.491313806707   0.059528358715   0.265166583984   0.324694942700   0.278433144847   0.337961503562   0.102775429295  13.832410721787   2.746559407831  -0.747656911784  -0.011174967228   4.441708406387   0.788943545195   1.098508810719   0.011754928084  -0.788943545195   1.098508810719  -0.011754928084   0.000000000000
 19.444444000000   0.600000000000  19.444444000000  10.000000000000   6.071513200654   0.085124903922   0.471308906444   0.556433810366   0.510609843566   0.595734747488   0.166095014915  10.911474262614   2.928856524197  -1.474252910391  -0.028611005663   5.918296921546   0.909062163421   1.535390510398   0.000655797383  -0.909062163421   1.535390510398  -0.000655797383   0.000000000000
 19.444444000000   0.600000000000  25.000000000000  10.000000000000   7.555215730310   0.114621260723   0.729285226180   0.843906486903   0.815313917110   0.929935177832   0.238313019166   8.952669339038   2.990316348923  -2.399856118964  -0.056209526511   7.217186923080   1.023051708655   1.912824136395  -0.020562000414  -1.023051708655   1.912824136395   0.020562000414   0.000000000000
 25.000000000000   0.600000000000 -25.000000000000  10.000000000000  -6.426547588876   0.083862072800   0.585633163789   0.669495236588   0.687830605412   0.771692678212   0.141541979808  -9.599093821227   2.727254616458  -2.111843407749  -0.154660314638  -6.106141950870  -0.387938904023  -1.764456443466  -0.172518489545   0.387938904023  -1.764456443466   0.172518489545   0.000000000000
 25.000000000000   0.600000000000 -19.444444000000  10.000000000000  -5.047146229703   0.061452609759   0.368419303294   0.429871913052   0.418669575378   0.480122185137   0.081105509718 -11.741046754750   2.619813805168  -1.280460835869  -0.108165165637  -4.900385023045  -0.207584014704  -1.490313342516  -0.120667095197   0.207584014704  -1.490313342516   0.120667095197   0.000000000000
 25.000000000000   0.600000000000 -13.888889000000  10.000000000000  -3.576904373198   0.043106618220   0.198134723388   0.241241341608   0.218770094839   0.261876713059   0.035160170698 -14.827078764179   2.344664162900  -0.631927925790  -0.070087059954  -3.528375464451  -0.026504241075  -1.153260987269  -0.076571284356   0.026504241075  -1.153260987269   0.076571284356   0.000000000000
 25.000000000000   0.600000000000  -8.333333000000  10.000000000000  -2.042845429926   0.030761136349   0.083299188962   0.114060325311   0.089744288674   0.120505425023   0.008109009068 -17.910219213943   1.617536651542  -0.190400239446  -0.040854718353  -2.036755165751   0.154794470931  -0.765033062676  -0.041052750161  -0.154794470931  -0.765033062676   0.041052750161   0.000000000000
 25.000000000000   0.600000000000  -2.777778000000  10.000000000000  -0.468152841200   0.025690013719   0.029219430230   0.054909443949   0.030017308504   0.055707322223   0.002598790218  -8.525907522073   0.176459889262   0.028115587191  -0.020850429944  -0.470067715119   0.334024681956  -0.341030035412  -0.014744692141  -0.334024681956  -0.341030035412   0.014744692141   0.000000000000
 25.000000000000   0.600000000000   2.777778000000  10.000000000000   1.115993534861   0.028499952981   0.038648357406   0.067148310387   0.037727518661   0.066227471642   0.019453520398  16.619830468310   0.819985153720   0.014913577863  -0.010747225192   1.118029958115   0.509266563153   0.104641543160   0.001532149502  -0.509266563153   0.104641543160  -0.001532149502   0.000000000000
 25.000000000000   0.600000000000   8.333333000000  10.000000000000   2.680239395701   0.038993421580   0.111202660416   0.150196081996   0.113136497381   0.152129918961   0.057520156840  17.844935500857   2.114493187210  -0.229713025092  -0.011344641037   2.675192306168   0.677373712559   0.556772455580   0.007053754187  -0.677373712559   0.556772455580  -0.007053754187   0.000000000000
 25.000000000000   0.600000000000  13.888889000000  10.000000000000   4.200886155438   0.056256989360   0.243813186790   0.300070176150   0.255932226515   0.312189215875   0.114291472578  13.999679039528   2.600020142730  -0.697485598916  -0.023231884655   4.154939621837   0.835787579723   0.993432284535   0.001097425806  -0.835787579723   0.993432284535  -0.001097425806   0.000000000000
 25.000000000000   0.600000000000  19.444444000000  10.000000000000   5.645655198486   0.078624484350   0.429987951778   0.508612436128   0.468222157253   0.546846641603   0.186081062513  11.100112379219   2.770508248574  -1.370572922020  -0.046302187681   5.503282780763   0.986528382838   1.402672571162  -0.016147415456  -0.986528382838   1.402672571162   0.016147415456   0.000000000000
 25.000000000000   0.600000000000  25.000000000000  10.000000000000   6.998467581489   0.104022488440   0.661794143136   0.765816631576   0.746389293429   0.850411781870   0.267770367158   9.138568285055   2.827475417107  -2.226081166418  -0.080965724756   6.683915900415   1.127158495863   1.763944843173  -0.045190372679  -1.127158495863   1.763944843173   0.045190372679   0.000000000000
